100
1 0
5
4 2
1 2 3 4
6 0
1 1 9 1 1 1
100 53
7 7 7 7 7 7 7 7 7 7 7 7 7 7 7 7 7 7 7 7 7 7 7 7 7 7 7 7 7 7 7 7 7 7 7 7 7 7 7 7 7 7 7 7 7 7 7 7 7 7 7 7 7 7 7 7 7 7 7 7 7 7 7 7 7 7 7 7 7 7 7 7 7 7 7 7 7 7 7 7 7 7 7 7 7 7 7 7 7 7 7 7 7 7 7 7 7 7 7 7
100 32
2 9 2 4 1 8 8 5 4 6 3 4 6 2 8 2 3 6 6 2 2 8 2 5 8 9 6 2 6 1 2 8 1 4 9 8 2 5 3 3 1 3 4 6 5 1 7 5 6 1 4 6 6 5 1 5 3 6 4 8 7 6 4 5 7 3 1 6 8 2 7 6 4 8 3 8 8 7 1 5 6 5 8 2 9 8 4 2 3 8 8 7 4 2 9 8 5 9 2 1
87 22
6 3 7 6 8 5 2 9 7 7 4 5 8 1 2 3 3 2 8 1 8 9 9 5 7 2 2 8 2 1 5 6 3 2 9 8 4 1 7 9 7 1 4 4 2 3 4 2 4 9 9 9 8 8 2 5 1 4 1 9 4 5 3 4 4 3 2 8 1 9 7 8 7 8 9 6 9 1 5 1 9 2 1 7 1 9 9
38 21
7 5 4 3 8 7 4 8 7 9 8 4 4 4 1 3 3 5 9 1 9 9 7 9 7 2 7 7 1 5 9 8 7 2 8 3 6 2
3 2
9 9 6
30 8
5 3 4 9 2 4 6 2 2 5 8 1 9 5 2 2 3 7 9 2 3 2 7 2 3 1 1 2 6 4
47 35
6 5 7 8 9 2 9 8 4 5 8 4 8 7 5 8 2 4 9 4 4 6 4 6 6 4 5 1 7 6 8 2 2 6 9 8 5 6 4 8 8 9 9 6 5 5 4
90 68
3 8 7 7 2 1 3 3 5 1 8 9 9 9 8 3 6 6 7 9 7 3 5 6 3 2 1 5 3 5 8 4 1 6 1 9 6 1 2 9 2 7 8 1 4 4 3 7 7 7 6 4 9 2 9 9 1 8 4 1 1 3 4 1 6 2 9 2 3 8 8 2 4 4 2 7 7 2 5 4 8 8 7 7 7 5 7 5 1 8
11 10
1 9 8 4 2 5 6 2 1 2 3
33 11
2 9 3 3 4 5 1 9 9 5 7 2 9 2 2 8 7 9 6 5 5 1 4 7 4 5 8 5 5 9 1 6 8
70 38
9 6 6 9 3 1 6 5 1 5 6 8 3 4 2 7 8 2 8 4 5 3 2 1 7 1 8 3 7 9 8 6 3 4 5 6 2 1 1 2 6 4 7 6 7 9 1 4 1 8 7 4 8 6 4 5 4 9 5 1 9 1 7 9 4 2 5 5 1 3
34 21
7 9 7 2 8 7 3 7 3 7 1 1 1 2 3 5 1 5 5 7 5 9 5 6 2 7 8 9 1 1 1 5 1 7
69 34
2 5 3 4 2 1 2 3 2 2 5 1 6 9 5 8 9 9 2 8 5 9 5 5 1 5 7 8 2 1 4 3 3 7 4 5 7 5 5 7 6 9 5 9 6 9 7 3 7 6 1 9 5 3 4 3 7 8 8 6 6 3 6 9 9 9 2 4 2
2 0
5 3
24 6
8 1 8 2 7 4 9 6 7 3 7 7 7 3 6 4 8 6 9 7 5 7 6 6
19 16
5 2 4 7 3 1 7 9 9 2 1 8 5 5 8 2 3 6 2
91 16
1 2 6 5 4 1 2 7 7 1 2 6 3 7 6 3 4 5 2 6 6 7 8 8 6 8 1 2 9 4 8 7 3 2 3 4 3 2 2 7 2 3 3 4 9 8 4 2 4 3 5 7 1 3 5 6 1 4 7 1 5 3 5 8 4 7 2 6 8 3 3 8 4 3 9 1 2 4 2 3 6 4 7 4 7 9 9 5 1 4 3
10 1
8 2 8 5 3 2 2 4 3 7
93 43
4 5 4 7 5 4 2 8 1 3 5 8 3 8 8 6 1 2 1 8 3 8 2 4 7 1 5 9 5 9 5 8 4 6 4 8 1 3 5 8 5 7 6 5 5 3 9 4 4 9 9 5 5 8 8 2 6 3 9 1 2 4 7 3 9 1 9 7 1 2 6 5 8 2 8 2 2 7 5 6 6 4 8 8 3 6 7 8 6 6 7 5 7
67 40
5 2 2 2 9 3 7 2 2 7 9 3 8 6 7 2 9 8 9 7 8 3 3 5 6 8 2 8 4 3 4 8 2 5 9 8 8 5 9 7 9 9 9 5 5 4 7 3 9 4 9 8 5 9 3 8 6 2 7 9 2 1 7 1 3 4 8
9 5
7 5 5 6 2 1 9 3 5
21 2
6 8 1 8 8 1 7 2 2 4 1 1 2 5 1 2 6 8 1 3 5
90 58
9 3 3 8 5 7 7 5 4 3 3 9 8 3 6 9 2 7 7 2 8 2 2 8 6 7 6 6 3 8 1 9 8 4 5 4 8 2 6 9 4 9 9 3 2 5 9 2 3 7 3 8 6 3 6 2 9 2 7 9 8 6 8 6 9 3 7 5 2 4 5 4 3 4 4 2 6 3 3 6 7 4 5 4 4 8 3 3 8 1
93 75
6 8 7 3 9 5 7 1 6 9 2 6 3 5 7 9 6 8 3 3 9 7 6 3 4 9 3 9 7 3 1 1 2 7 1 8 2 5 8 7 5 1 3 5 3 8 4 8 4 5 2 3 9 5 3 3 2 5 9 8 8 9 6 7 7 6 5 6 2 1 4 4 8 4 8 2 9 1 7 3 5 6 3 4 2 5 5 1 8 4 7 4 2
53 6
8 7 3 4 6 3 5 9 2 7 7 1 6 7 7 7 2 4 7 4 3 3 8 1 8 2 7 2 3 1 9 8 5 2 1 1 2 5 9 3 9 4 1 4 2 6 1 1 9 7 4 9 7
60 8
5 2 5 4 2 3 3 8 7 2 8 7 4 1 4 4 1 7 5 4 8 1 2 7 7 8 8 4 4 8 1 8 9 5 1 8 7 3 6 4 3 2 8 6 3 2 9 3 9 4 6 5 2 7 9 8 3 8 2 6
65 37
3 3 7 3 1 3 3 5 4 5 6 1 8 8 2 8 8 8 9 2 2 2 6 1 9 9 8 9 3 4 2 3 4 6 5 3 6 6 7 1 8 1 1 7 7 9 5 3 6 4 5 7 3 1 5 3 7 4 9 8 5 8 1 7 4
2 1
8 7
62 40
5 4 4 2 8 1 4 2 6 6 4 1 8 2 6 8 9 7 7 5 9 5 5 6 7 6 5 3 3 8 8 8 1 2 7 6 2 9 5 6 5 8 6 1 1 9 9 7 6 4 2 4 9 4 9 4 8 3 6 1 1 2
71 37
3 2 3 2 1 7 7 3 6 2 3 4 1 2 1 5 4 9 8 3 1 7 4 6 9 7 5 8 8 1 4 1 9 6 9 7 2 5 9 5 6 1 8 4 2 6 8 3 3 6 5 1 2 6 7 8 3 2 4 1 9 8 8 9 2 6 6 3 1 4 5
83 82
3 9 3 6 6 6 8 9 8 9 1 3 4 7 5 5 1 4 4 6 9 1 6 5 5 8 3 8 2 6 9 4 4 2 1 9 5 6 8 4 3 7 6 6 4 8 1 4 2 3 1 9 3 6 2 5 2 5 3 3 1 2 5 4 2 3 3 6 8 9 7 9 6 1 5 9 9 4 3 8 6 1 7
71 18
7 2 4 2 2 6 9 2 8 4 3 1 4 6 7 3 2 6 6 2 8 5 1 2 6 7 7 6 2 2 8 8 3 2 9 4 5 9 5 4 1 5 2 4 9 6 5 1 9 1 2 8 4 1 9 9 7 5 3 8 6 1 7 8 9 4 9 5 1 3 6
45 42
5 3 6 2 5 6 1 3 6 8 6 6 6 3 3 1 6 8 6 4 5 4 4 7 1 6 7 3 2 6 1 6 6 4 5 1 8 4 1 4 2 7 7 5 7
71 12
3 5 1 7 8 2 8 3 3 4 9 3 3 3 1 6 8 5 2 6 1 5 5 4 4 2 8 9 8 5 2 9 7 3 4 5 2 9 7 2 3 5 5 3 5 5 8 2 7 9 7 7 2 9 8 4 1 6 1 7 8 2 4 6 2 5 8 2 4 6 3
67 52
5 8 3 8 4 4 5 4 9 1 3 8 8 4 7 3 4 2 1 4 3 6 3 7 5 4 1 8 5 6 4 7 2 6 3 5 8 8 6 5 6 7 3 4 1 7 4 3 8 5 4 8 8 6 5 3 8 5 8 1 8 2 5 9 8 8 3
75 33
6 8 9 3 8 1 2 6 5 4 2 9 7 1 7 1 5 8 8 1 6 6 8 8 2 6 4 9 6 5 3 2 3 2 3 1 9 4 4 4 5 6 3 2 4 8 9 8 6 8 6 9 2 3 5 3 6 8 2 9 1 2 1 3 1 1 2 1 2 5 2 6 8 5 5
37 22
5 8 4 1 4 3 2 4 8 3 9 4 2 8 5 4 7 5 2 7 6 2 9 9 4 3 7 6 8 9 4 3 7 7 1 1 7
65 41
3 2 2 5 4 8 7 7 3 2 8 7 6 8 4 5 9 7 2 3 3 1 6 5 5 1 3 4 7 2 6 8 4 5 3 7 1 9 4 3 8 9 1 4 5 2 6 2 8 8 4 1 6 7 3 2 5 5 5 3 7 1 8 8 5
46 14
6 7 6 6 5 3 6 7 8 8 3 9 4 1 2 3 7 8 5 6 4 8 1 4 3 8 9 1 3 9 5 6 6 8 3 8 1 6 5 8 2 8 6 4 6 5
39 33
1 8 6 2 6 6 5 6 4 2 6 5 1 8 8 4 4 8 1 5 3 5 1 2 1 4 5 7 8 8 5 9 7 2 1 1 5 4 7
59 57
1 2 4 7 9 7 1 6 5 3 8 1 4 9 8 7 3 3 4 1 8 3 5 9 3 6 4 6 1 1 9 1 2 3 5 9 7 4 5 3 6 1 1 7 9 8 3 2 2 6 1 9 6 5 6 8 1 7 3
4 0
9 9 7 2
42 0
8 5 6 1 2 6 1 6 4 7 8 3 8 2 3 5 7 8 8 4 6 5 4 5 1 3 2 6 4 3 9 9 6 6 8 5 2 6 1 5 3 7
21 10
8 8 1 4 4 8 5 8 2 8 1 2 1 2 7 2 2 7 1 7 1
60 40
9 3 1 3 3 7 8 9 3 6 9 4 1 8 8 6 9 6 6 8 4 5 6 5 6 1 4 2 8 9 1 7 9 1 9 3 7 7 2 8 2 8 2 9 6 8 5 3 4 8 9 8 3 3 1 6 3 4 7 8
47 9
5 1 8 3 1 4 7 9 9 6 8 1 5 4 8 7 5 1 5 2 6 7 4 6 2 4 8 8 2 7 4 4 7 3 6 6 4 2 5 3 7 3 1 1 5 7 7
23 18
3 8 3 7 2 6 8 5 2 5 4 8 8 7 4 8 2 9 2 3 4 4 7
5 2
7 9 9 5 6
6 4
4 6 9 5 9 6
96 7
1 1 7 8 5 1 7 4 7 6 4 2 1 2 6 3 6 5 2 1 1 5 3 2 8 3 6 7 6 1 6 6 8 2 4 3 2 8 5 9 5 8 8 3 9 2 3 6 6 2 4 4 6 5 5 4 5 8 8 1 6 3 6 4 4 7 4 5 4 8 2 6 7 7 8 4 6 1 7 9 9 9 3 5 2 5 6 6 1 2 4 6 4 7 9 7
15 4
1 5 9 9 1 4 5 6 6 1 4 3 1 3 9
51 10
1 6 8 4 6 1 7 3 4 4 9 9 6 1 9 1 8 6 9 9 1 5 5 2 7 6 2 9 3 2 3 4 7 1 7 2 1 5 2 3 6 1 2 2 9 8 3 5 4 9 4
41 0
7 6 8 1 5 6 3 6 8 4 2 8 9 3 7 2 4 7 7 2 6 9 8 4 9 3 7 6 5 9 7 2 3 6 9 7 9 9 2 7 4
77 26
1 3 7 2 4 4 6 3 9 3 2 1 9 2 6 5 6 5 3 5 6 6 4 1 5 4 2 9 5 2 9 3 2 7 4 3 8 7 4 8 1 3 6 7 4 2 3 1 5 3 5 1 6 7 1 8 1 1 5 3 9 4 5 9 1 6 9 9 3 3 5 1 5 1 6 9 1
47 26
5 6 9 5 2 6 3 7 4 3 2 6 1 3 8 9 4 4 8 1 5 9 3 3 2 1 8 8 1 4 5 5 9 5 7 8 8 1 5 3 1 4 6 1 7 5 7
65 7
4 6 1 3 6 4 2 6 9 1 5 4 3 7 1 5 5 7 4 5 9 6 3 4 9 4 8 4 8 4 1 2 7 1 2 3 2 4 6 2 4 1 3 4 8 1 9 1 7 3 5 7 6 5 8 5 8 4 9 7 7 7 6 4 7
90 12
9 2 9 1 3 8 1 6 4 1 5 4 8 5 6 3 8 1 1 4 7 4 1 2 8 7 7 2 4 5 5 1 4 2 8 6 9 8 1 1 7 3 4 3 8 7 5 6 6 5 7 3 6 7 4 4 2 8 3 4 4 5 4 7 4 1 2 2 6 9 2 3 2 4 5 7 1 7 2 4 9 8 6 5 4 7 6 5 6 6
68 7
8 8 4 3 8 3 4 2 2 5 5 2 6 7 8 5 5 9 8 4 6 5 7 7 9 1 2 5 7 6 2 5 4 4 7 9 6 8 1 6 2 3 7 7 1 5 2 3 3 1 6 8 3 1 5 9 2 4 5 8 7 4 1 1 5 6 9 9
19 14
5 3 1 9 1 8 4 9 1 4 7 5 9 9 5 2 7 6 4
21 19
1 3 3 9 8 6 6 7 9 4 9 3 5 8 1 3 9 9 2 2 7
19 8
4 1 1 1 5 4 9 6 4 1 6 1 8 2 7 3 9 1 9
21 2
5 9 4 4 6 5 5 3 1 4 5 8 4 3 3 5 3 7 6 1 1
77 34
3 4 8 9 4 5 8 5 9 5 8 1 1 3 4 4 1 7 6 8 8 8 9 3 8 4 8 8 4 5 4 4 6 9 3 8 4 8 3 1 3 1 2 4 1 5 5 1 9 8 8 7 6 5 9 3 8 5 1 1 1 3 2 6 2 5 4 4 1 4 4 4 4 3 5 4 7
67 13
6 7 1 3 1 3 9 1 9 5 2 9 3 2 1 6 3 3 8 4 4 2 6 5 4 8 7 7 6 4 9 9 8 7 3 8 7 9 9 6 4 8 5 4 9 4 1 9 6 6 2 7 7 7 9 1 5 6 6 8 9 3 8 7 9 8 4
33 30
3 3 9 8 5 3 5 8 1 2 3 6 3 7 2 9 7 2 3 3 7 1 1 9 8 7 6 6 1 1 2 1 1
32 6
5 1 1 2 9 3 4 3 3 8 4 3 5 6 3 6 1 3 6 8 9 1 2 3 9 2 4 7 2 2 4 5
57 37
6 2 2 7 4 5 3 6 5 8 2 7 2 9 7 7 5 6 5 7 9 4 8 1 9 8 3 1 3 3 2 6 2 2 1 3 4 3 8 8 8 7 3 9 7 9 4 2 6 9 6 3 1 3 3 9 1
73 21
1 5 2 4 6 1 2 9 4 4 7 2 1 5 2 9 9 1 4 8 6 1 5 6 1 7 7 1 5 9 9 5 5 8 6 1 8 7 9 9 8 5 8 8 7 9 6 6 1 9 2 4 7 6 1 7 1 7 7 3 6 5 7 8 3 3 9 9 7 6 8 6 1
85 62
7 6 9 1 4 6 3 8 3 6 6 8 5 1 3 7 6 7 3 3 8 3 2 7 1 5 3 6 6 7 7 1 4 5 9 7 1 9 3 2 5 8 7 7 8 9 3 3 7 5 5 5 5 4 9 5 8 9 8 2 7 6 1 1 1 9 5 8 8 6 7 1 4 4 6 1 2 8 1 8 3 3 1 7 6
14 10
2 6 8 4 3 2 2 1 9 1 4 6 6 9
34 29
1 3 9 8 4 7 8 9 7 1 7 3 4 4 1 6 7 8 7 1 8 8 8 7 6 9 3 9 6 4 3 5 6 1
39 33
5 9 6 3 9 3 3 4 4 3 7 1 8 4 8 6 9 7 4 5 4 4 4 1 5 4 5 8 4 5 5 9 4 8 9 2 1 2 3
12 9
9 5 2 1 1 6 9 7 7 4 9 1
86 9
4 8 2 9 3 6 5 2 8 3 8 9 2 9 2 3 1 8 7 9 8 8 5 7 3 2 8 9 1 3 6 4 1 7 1 1 2 5 9 9 6 7 6 5 4 5 7 4 3 3 4 8 8 8 5 1 8 1 8 8 3 4 9 1 2 9 2 1 3 8 7 6 6 3 1 7 5 7 2 7 9 5 5 7 1 7
69 53
7 4 4 7 5 1 7 4 8 6 4 1 3 8 4 6 8 4 3 3 1 4 7 8 6 2 3 5 6 8 1 1 9 3 7 5 1 3 8 8 6 1 6 8 8 9 2 7 3 5 9 2 6 7 7 3 6 9 5 1 6 5 1 3 5 6 7 6 6
31 21
2 4 8 8 9 7 9 6 8 2 4 9 8 1 4 1 4 3 3 2 6 7 1 9 1 6 6 6 2 7 7
44 17
5 8 8 1 6 4 8 7 7 7 5 5 1 3 7 1 5 8 7 1 8 6 1 2 9 4 1 5 1 2 3 4 7 1 4 3 5 2 8 9 6 1 3 4
79 39
2 6 5 6 4 2 2 4 1 9 5 2 4 4 1 6 7 7 5 8 8 7 7 6 6 1 6 6 2 7 3 3 4 6 9 7 7 8 9 5 5 2 6 8 5 6 3 9 2 7 7 9 4 2 3 7 2 6 4 3 4 4 4 5 9 3 9 4 8 6 9 4 8 5 2 1 9 2 1
94 22
7 9 7 9 9 5 8 5 6 2 6 9 5 8 9 5 6 3 3 9 9 6 5 5 6 6 4 7 6 4 2 1 1 8 7 9 3 6 2 6 5 8 6 7 4 3 2 9 3 2 9 3 8 4 5 2 9 6 6 3 9 7 4 7 6 1 6 6 4 7 3 6 3 6 3 7 6 2 6 8 4 3 8 9 5 3 1 4 8 4 5 5 2 8
30 16
6 5 1 8 1 1 4 1 6 7 7 2 8 2 8 9 2 6 8 6 7 6 1 5 8 5 8 9 1 7
26 5
3 9 2 1 1 6 1 4 1 6 4 6 7 2 6 8 5 2 5 2 6 3 5 4 5 1
53 47
7 2 6 9 1 6 9 1 2 8 3 9 4 6 5 8 7 8 6 9 1 8 9 6 8 4 9 1 4 9 3 8 8 7 8 8 3 5 7 2 3 9 1 4 5 3 2 9 9 6 8 9 4
10 2
1 6 9 8 9 6 9 6 4 6
86 40
6 6 8 5 7 5 3 1 9 5 3 6 4 6 3 1 9 7 1 7 4 9 6 1 3 5 6 6 8 7 6 2 4 4 6 8 7 8 8 6 1 8 1 3 4 3 3 2 9 2 6 1 1 9 2 2 4 7 7 9 5 3 1 6 5 4 4 2 2 9 5 1 6 5 3 7 7 3 6 5 4 3 5 3 2 6
77 25
2 1 1 4 2 9 9 6 3 1 7 5 7 2 3 3 7 5 1 2 7 6 6 9 6 2 2 8 7 5 9 8 3 9 9 2 8 8 7 2 6 2 4 4 2 6 6 6 8 4 7 5 8 4 2 4 3 3 2 7 5 8 4 6 8 3 7 4 2 5 3 5 4 6 8 5 9
64 34
7 6 6 1 2 7 9 6 9 3 5 6 5 4 9 1 9 3 8 3 2 1 6 6 2 9 3 7 9 5 5 4 8 8 2 1 5 2 6 2 2 8 8 6 2 5 5 1 5 1 2 4 8 7 1 9 6 1 4 3 5 9 5 1
7 1
1 1 3 4 2 4 3
86 84
2 3 3 3 5 3 4 9 1 8 7 7 4 7 2 5 9 1 9 7 5 1 8 5 4 9 7 7 9 4 3 2 4 5 2 7 5 3 6 3 1 1 1 2 7 2 6 4 9 3 1 4 4 6 7 5 4 4 2 3 5 5 4 7 7 3 4 3 5 7 3 5 7 3 5 2 4 8 3 1 2 3 5 3 7 2
35 19
3 6 3 5 8 5 9 4 5 1 6 1 7 6 3 2 9 7 1 1 6 3 2 5 4 6 5 1 5 9 8 5 5 8 7
82 42
7 5 6 5 8 4 1 4 6 2 1 2 1 2 5 3 3 7 4 6 2 2 8 1 9 3 3 8 7 2 8 2 6 2 7 2 5 7 4 2 6 4 1 6 5 5 7 5 2 1 1 1 3 6 8 2 6 1 7 4 3 6 5 6 7 2 6 3 8 9 2 5 3 2 8 6 4 5 1 3 6 9
43 18
5 1 7 2 8 5 5 8 8 7 3 5 7 8 5 5 7 4 7 7 3 4 1 6 8 2 6 4 8 6 9 3 6 5 2 3 9 6 8 7 2 1 9
91 77
3 1 3 6 6 8 9 9 8 3 7 7 9 9 5 5 6 8 9 1 9 9 7 4 7 4 3 8 2 1 4 4 1 5 9 6 3 6 3 8 9 8 6 6 5 8 8 1 4 7 9 4 4 6 5 2 1 7 7 9 5 1 3 5 3 9 9 3 6 2 2 3 7 5 6 2 3 4 3 7 9 2 8 3 5 1 4 3 5 8 2
63 8
4 4 9 2 1 3 5 1 4 7 7 6 1 9 6 4 9 3 1 8 8 4 3 6 5 6 1 4 7 9 1 9 2 9 1 2 2 5 2 3 9 7 8 9 6 5 1 3 5 2 1 2 3 1 7 7 4 8 8 2 5 6 8
38 22
6 8 5 8 7 6 7 2 2 4 5 4 2 7 9 3 5 8 5 6 3 1 9 1 6 8 4 3 4 9 6 9 5 8 5 1 4 9
77 63
3 7 9 3 4 6 5 7 2 8 3 5 6 9 3 2 8 6 2 9 6 7 9 8 6 2 8 7 2 1 1 2 5 8 4 8 2 7 3 4 5 5 6 8 5 8 7 1 5 9 9 8 4 6 6 7 8 3 5 7 1 3 8 5 1 3 1 3 9 4 4 2 8 9 7 1 7
92 65
9 3 6 5 5 2 2 2 7 2 4 4 2 7 1 6 5 3 6 5 9 9 8 8 6 7 5 4 3 8 3 2 9 8 7 2 7 6 3 3 7 5 4 6 9 4 2 4 4 5 9 3 5 5 1 8 3 3 2 5 2 4 4 8 2 8 9 7 2 9 9 6 2 3 2 1 7 3 3 1 8 2 2 1 6 9 8 6 3 9 8 2
38 29
7 1 8 4 7 1 3 4 6 5 7 8 3 2 8 5 9 4 6 8 2 1 8 7 4 8 5 3 7 6 3 4 6 1 5 2 8 5
