16807 282475249 1622650073 984943658 1144108930 470211272 101027544 1457850878 1458777923 2007237709 
1 3 6 74243042
16807 282475249 74243042 74243042 74243042 74243042 101027544 1457850878 1458777923 2007237709 
4 1 16531729 herererere
5 1 16531729 herererere
6 1 16531729 herererere
7 1 16531729 herererere
8 1 16531729 herererere
2 4 8 16531729
16807 282475249 74243042 1 1 1 1 1 1458777923 2007237709 
1 3 4 1474833169
16807 282475249 1474833169 1474833169 1 1 1 1 1458777923 2007237709 
3 1 1131570933 herererere
4 1 1131570933 herererere
2 1 8 1131570933
16807 282475249 1 1 1 1 1 1 1458777923 2007237709 
2 7 9 1505795335
16807 282475249 1 1 1 1 1 1 1458777923 2007237709 
2 3 7 101929267
16807 282475249 1 1 1 1 1 1 1458777923 2007237709 
1 4 10 1624379149
16807 282475249 1 1624379149 1624379149 1624379149 1624379149 1624379149 1624379149 1624379149 
2 2 8 2110010672
16807 282475249 1 1624379149 1624379149 1624379149 1624379149 1624379149 1624379149 1624379149 
6 1 156091745 herererere
7 1 156091745 herererere
2 6 7 156091745
16807 282475249 1 1624379149 1624379149 1 1 1624379149 1624379149 1624379149 
1 2 5 937186357
16807 937186357 937186357 937186357 937186357 1 1 1624379149 1624379149 1624379149 
16807 937186357 937186357 937186357 937186357 1 1 1624379149 1624379149 1624379149 
