3 3 12
4 10 4
4 1 10
4 9 2
2 3 7
4 2 8
4 8 3

3 5 10
2 6 10 4 9
1 2 3 8 6
3 5 4 6 4
2 10 5 10 3
1 10 7 9 7
3 5 4 7 1

4 3 30
10 16 10
4 19 4
2 3 8
6 21 25
4 26 14
2 20 15
10 13 4
10 17 9

10 8 100
8 46 100 64 89 14 12 73
5 86 31 35 24 26 84 12
29 35 10 83 24 100 97 39
22 15 75 74 37 41 17 24
2 53 7 56 92 43 2 98
21 52 75 50 59 59 26 32
1 67 69 73 17 72 10 97
27 4 60 56 92 55 33 74
33 68 31 30 90 61 20 42
24 69 66 25 96 17 17 41
10 97 28 52 94 67 1 89
10 7 76 66 25 25 80 28
17 1 75 33 67 46 61 45
13 25 36 84 87 66 43 39
14 79 44 81 2 67 73 92
24 46 26 56 3 44 39 39
16 23 13 1 68 57 7 90
1 36 21 42 42 91 77 29
18 2 40 75 49 42 88 93
6 72 83 37 50 86 42 62

20 22 500
8 46 100 364 189 114 12 173 78 286 431 35 124 126 184 12 300 135 410 183 224 400
91 339 367 15 175 174 337 41 217 224 243 453 207 356 292 343 402 498 100 152 375 250
41 359 226 132 234 67 69 173 217 72 210 497 48 204 360 456 292 155 233 274 129 468
39 230 490 261 220 142 486 269 266 25 496 17 317 41 21 97 28 252 394 267 101 189
152 207 476 66 225 225 180 128 105 201 375 233 267 146 261 45 73 125 136 384 487 466
1 239 231 479 444 181 202 367 373 292 492 46 226 156 103 344 439 339 11 323 213 101
118 257 7 90 204 236 21 142 142 291 77 329 440 302 440 475 249 242 188 393 14 72
45 437 250 86 242 62 231 374 487 168 64 301 260 230 339 23 461 372 207 293 283 287
31 290 414 443 304 439 252 149 341 433 287 341 27 245 245 130 462 421 78 447 423 436
40 164 215 432 267 402 318 219 37 34 164 428 228 381 134 258 198 196 96 413 382 362
83 23 152 282 443 438 334 285 5 301 82 393 379 12 416 119 37 300 139 398 427 334
31 180 95 411 242 273 251 92 483 13 492 378 90 399 495 424 142 316 203 252 387 164
40 412 192 167 394 414 276 42 185 462 319 417 43 94 487 492 54 418 476 69 201 445
27 1 213 15 91 128 300 57 99 26 252 378 115 215 40 260 453 343 109 326 40 495
133 487 427 447 298 171 211 360 43 380 263 15 273 144 274 406 9 4 152 239 313 456
73 455 128 377 98 49 379 44 25 343 90 450 100 295 86 427 349 170 446 482 49 10
21 109 285 90 5 61 31 202 134 21 357 334 165 363 187 279 219 331 356 144 5 291
161 411 103 398 214 380 302 305 434 461 76 7 456 339 356 412 376 455 288 352 396 361
163 457 120 365 470 234 79 375 3 70 124 233 307 361 170 126 432 80 112 485 159 302
45 141 94 457 447 180 390 491 254 31 439 419 148 244 212 331 15 231 348 295 459 449
32 422 84 263 83 23 393 373 33 291 254 278 144 45 88 462 368 113 435 401 403 421
135 224 335 137 256 5 160 155 67 316 450 290 25 243 164 66 443 254 128 100 261 480
115 6 66 32 427 190 107 15 78 119 29 92 349 160 326 477 60 356 321 266 100 6
93 276 278 90 312 467 190 191 420 307 389 354 198 292 153 330 245 208 109 386 217 473
111 276 20 450 291 252 286 406 361 172 48 287 457 189 404 458 7 122 243 76 109 83
62 250 109 401 295 72 378 272 172 398 84 229 371 253 293 445 107 449 488 494 286 71
161 408 245 112 177 251 284 394 224 407 236 359 432 211 435 260 460 82 444 40 272 327
101 237 239 257 55 282 274 43 94 334 47 7 477 423 382 336 62 358 66 216 178 175
140 292 350 412 55 301 3 15 484 175 192 47 388 186 249 166 61 186 490 416 430 231
18 327 41 399 332 356 164 156 345 465 72 349 460 191 96 395 174 42 445 11 442 46
82 218 232 304 269 125 296 110 286 2 490 95 459 363 355 299 473 282 458 297 460 380
22 322 406 282 133 249 197 408 408 195 227 284 329 273 128 159 269 500 324 230 158 444
105 448 163 392 109 169 322 257 93 486 123 16 5 324 444 173 359 271 108 174 186 300
128 21 112 456 205 193 375 2 225 498 325 206 452 326 153 39 90 227 170 100 2 10
138 371 255 490 59 298 256 454 385 130 13 171 76 212 135 322 271 157 133 484 102 289
69 86 75 399 309 35 131 216 419 332 96 218 369 15 274 95 377 264 294 318 420 24
115 491 293 310 433 485 244 74 452 217 492 180 314 133 374 150 33 200 278 33 499 144
99 241 255 292 391 159 279 160 116 215 213 189 181 302 48 453 275 45 206 270 423 139
39 413 68 447 439 247 417 154 87 343 449 32 66 123 61 148 167 168 294 325 319 34
8 37 160 13 294 117 429 364 267 19 48 323 296 444 493 384 478 62 21 26 355 427

24 22 500
8 46 100 364 189 114 12 173 78 286 431 35 124 126 184 12 300 135 410 183 224 400
91 339 367 15 175 174 337 41 217 224 243 453 207 356 292 343 402 498 100 152 375 250
41 359 226 132 234 67 69 173 217 72 210 497 48 204 360 456 292 155 233 274 129 468
39 230 490 261 220 142 486 269 266 25 496 17 317 41 21 97 28 252 394 267 101 189
152 207 476 66 225 225 180 128 105 201 375 233 267 146 261 45 73 125 136 384 487 466
1 239 231 479 444 181 202 367 373 292 492 46 226 156 103 344 439 339 11 323 213 101
118 257 7 90 204 236 21 142 142 291 77 329 440 302 440 475 249 242 188 393 14 72
45 437 250 86 242 62 231 374 487 168 64 301 260 230 339 23 461 372 207 293 283 287
31 290 414 443 304 439 252 149 341 433 287 341 27 245 245 130 462 421 78 447 423 436
40 164 215 432 267 402 318 219 37 34 164 428 228 381 134 258 198 196 96 413 382 362
83 23 152 282 443 438 334 285 5 301 82 393 379 12 416 119 37 300 139 398 427 334
31 180 95 411 242 273 251 92 483 13 492 378 90 399 495 424 142 316 203 252 387 164
40 412 192 167 394 414 276 42 185 462 319 417 43 94 487 492 54 418 476 69 201 445
27 1 213 15 91 128 300 57 99 26 252 378 115 215 40 260 453 343 109 326 40 495
133 487 427 447 298 171 211 360 43 380 263 15 273 144 274 406 9 4 152 239 313 456
73 455 128 377 98 49 379 44 25 343 90 450 100 295 86 427 349 170 446 482 49 10
21 109 285 90 5 61 31 202 134 21 357 334 165 363 187 279 219 331 356 144 5 291
161 411 103 398 214 380 302 305 434 461 76 7 456 339 356 412 376 455 288 352 396 361
163 457 120 365 470 234 79 375 3 70 124 233 307 361 170 126 432 80 112 485 159 302
45 141 94 457 447 180 390 491 254 31 439 419 148 244 212 331 15 231 348 295 459 449
32 422 84 263 83 23 393 373 33 291 254 278 144 45 88 462 368 113 435 401 403 421
135 224 335 137 256 5 160 155 67 316 450 290 25 243 164 66 443 254 128 100 261 480
115 6 66 32 427 190 107 15 78 119 29 92 349 160 326 477 60 356 321 266 100 6
93 276 278 90 312 467 190 191 420 307 389 354 198 292 153 330 245 208 109 386 217 473
111 276 20 450 291 252 286 406 361 172 48 287 457 189 404 458 7 122 243 76 109 83
62 250 109 401 295 72 378 272 172 398 84 229 371 253 293 445 107 449 488 494 286 71
161 408 245 112 177 251 284 394 224 407 236 359 432 211 435 260 460 82 444 40 272 327
101 237 239 257 55 282 274 43 94 334 47 7 477 423 382 336 62 358 66 216 178 175
140 292 350 412 55 301 3 15 484 175 192 47 388 186 249 166 61 186 490 416 430 231
18 327 41 399 332 356 164 156 345 465 72 349 460 191 96 395 174 42 445 11 442 46
82 218 232 304 269 125 296 110 286 2 490 95 459 363 355 299 473 282 458 297 460 380
22 322 406 282 133 249 197 408 408 195 227 284 329 273 128 159 269 500 324 230 158 444
105 448 163 392 109 169 322 257 93 486 123 16 5 324 444 173 359 271 108 174 186 300
128 21 112 456 205 193 375 2 225 498 325 206 452 326 153 39 90 227 170 100 2 10
138 371 255 490 59 298 256 454 385 130 13 171 76 212 135 322 271 157 133 484 102 289
69 86 75 399 309 35 131 216 419 332 96 218 369 15 274 95 377 264 294 318 420 24
115 491 293 310 433 485 244 74 452 217 492 180 314 133 374 150 33 200 278 33 499 144
99 241 255 292 391 159 279 160 116 215 213 189 181 302 48 453 275 45 206 270 423 139
39 413 68 447 439 247 417 154 87 343 449 32 66 123 61 148 167 168 294 325 319 34
8 37 160 13 294 117 429 364 267 19 48 323 296 444 493 384 478 62 21 26 355 427
20 186 316 66 446 266 70 73 464 354 418 476 45 100 25 381 271 15 203 133 20 432
132 62 152 205 75 114 121 317 373 70 459 147 125 238 301 130 340 320 262 42 222 371
142 332 240 70 459 36 417 353 295 486 426 99 147 401 286 189 205 92 370 50 194 233
70 279 75 152 424 333 100 356 438 497 344 40 402 91 461 105 131 270 414 254 467 259
88 264 464 460 451 139 104 327 330 308 112 331 309 405 29 21 446 85 52 155 146 273
108 225 130 467 271 305 380 149 251 189 401 186 196 86 266 498 413 268 189 496 406 287
113 443 145 200 45 154 253 132 301 25 114 428 57 467 227 365 125 333 280 106 453 319
4 288 450 157 294 150 170 93 218 337 417 271 218 57 220 85 1 81 225 45 352 27

