7
100 9 7 2 3 1 6
200 9 6 7 1 2 5 3 8
300 6 3 7 8 5
400 4 5 8
-1
100 1
200 37
-1
2138 1 2 3 4 5
94398 11 10 9 8 7 6 
32 12 14 13 15 16 17 19 18
344 20 22 26 27 25 24 
4534 23 21
8443 28 430 21388 217 2432 34423 34243
124321 43245
-1
432432 433
5463 5776 433
96595 993223 5776
43432243 5776 94343
23595 94343 433
-1
94261714 94261714 30490885 89378669 49169937 54246755 61088918 88311318 16628013 23657226 62893599 47507829 76562755 1930122 75797207 78407967 78765401 22536530 74189655 43017530 42557919 39001917 20998978 45315176 4802853 15232341 59004876 72765167 99504020 31626429 7494329 9890112 58540022 99051732 75083043 92611002 76218567 42850709 42681894 87444945 34507111 21890880 60285858 26898512 17202642 59415293 80285158 88371672 1584357 69418226 72862462 22134288 42956070 42924303 40435134 12309943 54425443 13149826 16792848 48774250 36019978 29357568 3633861 70500484 31444394 38919594 24731601 75937188 1071761 95556169 99661426 324160 12387849 15084869 42353717 475014 3064253 84998103 22571630 99389940 73112132 93103294 86817360 52460243 51529221 53604267 84238585 21185700 99478905 25257787 60417787 62380619 71351778 31947672 13059524 78757403 13432682 13510745 52966375 73094440 88799464
30490885 30490885 89378669 49169937 54246755 61088918 88311318 16628013 23657226 62893599 47507829 76562755 1930122 75797207 78407967 78765401 22536530 74189655 43017530 42557919 39001917 20998978 45315176 4802853 15232341 59004876 72765167 99504020 31626429 7494329 9890112 58540022 99051732 75083043 92611002 76218567 42850709 42681894 87444945 34507111 21890880 60285858 26898512 17202642 59415293 80285158 88371672 1584357 69418226 72862462 22134288 42956070 42924303 40435134 12309943 54425443 13149826 16792848 48774250 36019978 29357568 3633861 70500484 31444394 38919594 24731601 75937188 1071761 95556169 99661426 324160 12387849 15084869 42353717 475014 3064253 84998103 22571630 99389940 73112132 93103294 86817360 52460243 51529221 53604267 84238585 21185700 99478905 25257787 60417787 62380619 71351778 31947672 13059524 78757403 13432682 13510745 52966375 73094440 88799464 94261714
89378669 89378669 49169937 54246755 61088918 88311318 16628013 23657226 62893599 47507829 76562755 1930122 75797207 78407967 78765401 22536530 74189655 43017530 42557919 39001917 20998978 45315176 4802853 15232341 59004876 72765167 99504020 31626429 7494329 9890112 58540022 99051732 75083043 92611002 76218567 42850709 42681894 87444945 34507111 21890880 60285858 26898512 17202642 59415293 80285158 88371672 1584357 69418226 72862462 22134288 42956070 42924303 40435134 12309943 54425443 13149826 16792848 48774250 36019978 29357568 3633861 70500484 31444394 38919594 24731601 75937188 1071761 95556169 99661426 324160 12387849 15084869 42353717 475014 3064253 84998103 22571630 99389940 73112132 93103294 86817360 52460243 51529221 53604267 84238585 21185700 99478905 25257787 60417787 62380619 71351778 31947672 13059524 78757403 13432682 13510745 52966375 73094440 88799464 94261714 30490885
49169937 49169937 54246755 61088918 88311318 16628013 23657226 62893599 47507829 76562755 1930122 75797207 78407967 78765401 22536530 74189655 43017530 42557919 39001917 20998978 45315176 4802853 15232341 59004876 72765167 99504020 31626429 7494329 9890112 58540022 99051732 75083043 92611002 76218567 42850709 42681894 87444945 34507111 21890880 60285858 26898512 17202642 59415293 80285158 88371672 1584357 69418226 72862462 22134288 42956070 42924303 40435134 12309943 54425443 13149826 16792848 48774250 36019978 29357568 3633861 70500484 31444394 38919594 24731601 75937188 1071761 95556169 99661426 324160 12387849 15084869 42353717 475014 3064253 84998103 22571630 99389940 73112132 93103294 86817360 52460243 51529221 53604267 84238585 21185700 99478905 25257787 60417787 62380619 71351778 31947672 13059524 78757403 13432682 13510745 52966375 73094440 88799464 94261714 30490885 89378669
54246755 54246755 61088918 88311318 16628013 23657226 62893599 47507829 76562755 1930122 75797207 78407967 78765401 22536530 74189655 43017530 42557919 39001917 20998978 45315176 4802853 15232341 59004876 72765167 99504020 31626429 7494329 9890112 58540022 99051732 75083043 92611002 76218567 42850709 42681894 87444945 34507111 21890880 60285858 26898512 17202642 59415293 80285158 88371672 1584357 69418226 72862462 22134288 42956070 42924303 40435134 12309943 54425443 13149826 16792848 48774250 36019978 29357568 3633861 70500484 31444394 38919594 24731601 75937188 1071761 95556169 99661426 324160 12387849 15084869 42353717 475014 3064253 84998103 22571630 99389940 73112132 93103294 86817360 52460243 51529221 53604267 84238585 21185700 99478905 25257787 60417787 62380619 71351778 31947672 13059524 78757403 13432682 13510745 52966375 73094440 88799464 94261714 30490885 89378669 49169937
61088918 61088918 88311318 16628013 23657226 62893599 47507829 76562755 1930122 75797207 78407967 78765401 22536530 74189655 43017530 42557919 39001917 20998978 45315176 4802853 15232341 59004876 72765167 99504020 31626429 7494329 9890112 58540022 99051732 75083043 92611002 76218567 42850709 42681894 87444945 34507111 21890880 60285858 26898512 17202642 59415293 80285158 88371672 1584357 69418226 72862462 22134288 42956070 42924303 40435134 12309943 54425443 13149826 16792848 48774250 36019978 29357568 3633861 70500484 31444394 38919594 24731601 75937188 1071761 95556169 99661426 324160 12387849 15084869 42353717 475014 3064253 84998103 22571630 99389940 73112132 93103294 86817360 52460243 51529221 53604267 84238585 21185700 99478905 25257787 60417787 62380619 71351778 31947672 13059524 78757403 13432682 13510745 52966375 73094440 88799464 94261714 30490885 89378669 49169937 54246755
88311318 88311318 16628013 23657226 62893599 47507829 76562755 1930122 75797207 78407967 78765401 22536530 74189655 43017530 42557919 39001917 20998978 45315176 4802853 15232341 59004876 72765167 99504020 31626429 7494329 9890112 58540022 99051732 75083043 92611002 76218567 42850709 42681894 87444945 34507111 21890880 60285858 26898512 17202642 59415293 80285158 88371672 1584357 69418226 72862462 22134288 42956070 42924303 40435134 12309943 54425443 13149826 16792848 48774250 36019978 29357568 3633861 70500484 31444394 38919594 24731601 75937188 1071761 95556169 99661426 324160 12387849 15084869 42353717 475014 3064253 84998103 22571630 99389940 73112132 93103294 86817360 52460243 51529221 53604267 84238585 21185700 99478905 25257787 60417787 62380619 71351778 31947672 13059524 78757403 13432682 13510745 52966375 73094440 88799464 94261714 30490885 89378669 49169937 54246755 61088918
16628013 16628013 23657226 62893599 47507829 76562755 1930122 75797207 78407967 78765401 22536530 74189655 43017530 42557919 39001917 20998978 45315176 4802853 15232341 59004876 72765167 99504020 31626429 7494329 9890112 58540022 99051732 75083043 92611002 76218567 42850709 42681894 87444945 34507111 21890880 60285858 26898512 17202642 59415293 80285158 88371672 1584357 69418226 72862462 22134288 42956070 42924303 40435134 12309943 54425443 13149826 16792848 48774250 36019978 29357568 3633861 70500484 31444394 38919594 24731601 75937188 1071761 95556169 99661426 324160 12387849 15084869 42353717 475014 3064253 84998103 22571630 99389940 73112132 93103294 86817360 52460243 51529221 53604267 84238585 21185700 99478905 25257787 60417787 62380619 71351778 31947672 13059524 78757403 13432682 13510745 52966375 73094440 88799464 94261714 30490885 89378669 49169937 54246755 61088918 88311318
23657226 23657226 62893599 47507829 76562755 1930122 75797207 78407967 78765401 22536530 74189655 43017530 42557919 39001917 20998978 45315176 4802853 15232341 59004876 72765167 99504020 31626429 7494329 9890112 58540022 99051732 75083043 92611002 76218567 42850709 42681894 87444945 34507111 21890880 60285858 26898512 17202642 59415293 80285158 88371672 1584357 69418226 72862462 22134288 42956070 42924303 40435134 12309943 54425443 13149826 16792848 48774250 36019978 29357568 3633861 70500484 31444394 38919594 24731601 75937188 1071761 95556169 99661426 324160 12387849 15084869 42353717 475014 3064253 84998103 22571630 99389940 73112132 93103294 86817360 52460243 51529221 53604267 84238585 21185700 99478905 25257787 60417787 62380619 71351778 31947672 13059524 78757403 13432682 13510745 52966375 73094440 88799464 94261714 30490885 89378669 49169937 54246755 61088918 88311318 16628013
62893599 62893599 47507829 76562755 1930122 75797207 78407967 78765401 22536530 74189655 43017530 42557919 39001917 20998978 45315176 4802853 15232341 59004876 72765167 99504020 31626429 7494329 9890112 58540022 99051732 75083043 92611002 76218567 42850709 42681894 87444945 34507111 21890880 60285858 26898512 17202642 59415293 80285158 88371672 1584357 69418226 72862462 22134288 42956070 42924303 40435134 12309943 54425443 13149826 16792848 48774250 36019978 29357568 3633861 70500484 31444394 38919594 24731601 75937188 1071761 95556169 99661426 324160 12387849 15084869 42353717 475014 3064253 84998103 22571630 99389940 73112132 93103294 86817360 52460243 51529221 53604267 84238585 21185700 99478905 25257787 60417787 62380619 71351778 31947672 13059524 78757403 13432682 13510745 52966375 73094440 88799464 94261714 30490885 89378669 49169937 54246755 61088918 88311318 16628013 23657226
47507829 47507829 76562755 1930122 75797207 78407967 78765401 22536530 74189655 43017530 42557919 39001917 20998978 45315176 4802853 15232341 59004876 72765167 99504020 31626429 7494329 9890112 58540022 99051732 75083043 92611002 76218567 42850709 42681894 87444945 34507111 21890880 60285858 26898512 17202642 59415293 80285158 88371672 1584357 69418226 72862462 22134288 42956070 42924303 40435134 12309943 54425443 13149826 16792848 48774250 36019978 29357568 3633861 70500484 31444394 38919594 24731601 75937188 1071761 95556169 99661426 324160 12387849 15084869 42353717 475014 3064253 84998103 22571630 99389940 73112132 93103294 86817360 52460243 51529221 53604267 84238585 21185700 99478905 25257787 60417787 62380619 71351778 31947672 13059524 78757403 13432682 13510745 52966375 73094440 88799464 94261714 30490885 89378669 49169937 54246755 61088918 88311318 16628013 23657226 62893599
76562755 76562755 1930122 75797207 78407967 78765401 22536530 74189655 43017530 42557919 39001917 20998978 45315176 4802853 15232341 59004876 72765167 99504020 31626429 7494329 9890112 58540022 99051732 75083043 92611002 76218567 42850709 42681894 87444945 34507111 21890880 60285858 26898512 17202642 59415293 80285158 88371672 1584357 69418226 72862462 22134288 42956070 42924303 40435134 12309943 54425443 13149826 16792848 48774250 36019978 29357568 3633861 70500484 31444394 38919594 24731601 75937188 1071761 95556169 99661426 324160 12387849 15084869 42353717 475014 3064253 84998103 22571630 99389940 73112132 93103294 86817360 52460243 51529221 53604267 84238585 21185700 99478905 25257787 60417787 62380619 71351778 31947672 13059524 78757403 13432682 13510745 52966375 73094440 88799464 94261714 30490885 89378669 49169937 54246755 61088918 88311318 16628013 23657226 62893599 47507829
1930122 1930122 75797207 78407967 78765401 22536530 74189655 43017530 42557919 39001917 20998978 45315176 4802853 15232341 59004876 72765167 99504020 31626429 7494329 9890112 58540022 99051732 75083043 92611002 76218567 42850709 42681894 87444945 34507111 21890880 60285858 26898512 17202642 59415293 80285158 88371672 1584357 69418226 72862462 22134288 42956070 42924303 40435134 12309943 54425443 13149826 16792848 48774250 36019978 29357568 3633861 70500484 31444394 38919594 24731601 75937188 1071761 95556169 99661426 324160 12387849 15084869 42353717 475014 3064253 84998103 22571630 99389940 73112132 93103294 86817360 52460243 51529221 53604267 84238585 21185700 99478905 25257787 60417787 62380619 71351778 31947672 13059524 78757403 13432682 13510745 52966375 73094440 88799464 94261714 30490885 89378669 49169937 54246755 61088918 88311318 16628013 23657226 62893599 47507829 76562755
75797207 75797207 78407967 78765401 22536530 74189655 43017530 42557919 39001917 20998978 45315176 4802853 15232341 59004876 72765167 99504020 31626429 7494329 9890112 58540022 99051732 75083043 92611002 76218567 42850709 42681894 87444945 34507111 21890880 60285858 26898512 17202642 59415293 80285158 88371672 1584357 69418226 72862462 22134288 42956070 42924303 40435134 12309943 54425443 13149826 16792848 48774250 36019978 29357568 3633861 70500484 31444394 38919594 24731601 75937188 1071761 95556169 99661426 324160 12387849 15084869 42353717 475014 3064253 84998103 22571630 99389940 73112132 93103294 86817360 52460243 51529221 53604267 84238585 21185700 99478905 25257787 60417787 62380619 71351778 31947672 13059524 78757403 13432682 13510745 52966375 73094440 88799464 94261714 30490885 89378669 49169937 54246755 61088918 88311318 16628013 23657226 62893599 47507829 76562755 1930122
78407967 78407967 78765401 22536530 74189655 43017530 42557919 39001917 20998978 45315176 4802853 15232341 59004876 72765167 99504020 31626429 7494329 9890112 58540022 99051732 75083043 92611002 76218567 42850709 42681894 87444945 34507111 21890880 60285858 26898512 17202642 59415293 80285158 88371672 1584357 69418226 72862462 22134288 42956070 42924303 40435134 12309943 54425443 13149826 16792848 48774250 36019978 29357568 3633861 70500484 31444394 38919594 24731601 75937188 1071761 95556169 99661426 324160 12387849 15084869 42353717 475014 3064253 84998103 22571630 99389940 73112132 93103294 86817360 52460243 51529221 53604267 84238585 21185700 99478905 25257787 60417787 62380619 71351778 31947672 13059524 78757403 13432682 13510745 52966375 73094440 88799464 94261714 30490885 89378669 49169937 54246755 61088918 88311318 16628013 23657226 62893599 47507829 76562755 1930122 75797207
78765401 78765401 22536530 74189655 43017530 42557919 39001917 20998978 45315176 4802853 15232341 59004876 72765167 99504020 31626429 7494329 9890112 58540022 99051732 75083043 92611002 76218567 42850709 42681894 87444945 34507111 21890880 60285858 26898512 17202642 59415293 80285158 88371672 1584357 69418226 72862462 22134288 42956070 42924303 40435134 12309943 54425443 13149826 16792848 48774250 36019978 29357568 3633861 70500484 31444394 38919594 24731601 75937188 1071761 95556169 99661426 324160 12387849 15084869 42353717 475014 3064253 84998103 22571630 99389940 73112132 93103294 86817360 52460243 51529221 53604267 84238585 21185700 99478905 25257787 60417787 62380619 71351778 31947672 13059524 78757403 13432682 13510745 52966375 73094440 88799464 94261714 30490885 89378669 49169937 54246755 61088918 88311318 16628013 23657226 62893599 47507829 76562755 1930122 75797207 78407967
22536530 22536530 74189655 43017530 42557919 39001917 20998978 45315176 4802853 15232341 59004876 72765167 99504020 31626429 7494329 9890112 58540022 99051732 75083043 92611002 76218567 42850709 42681894 87444945 34507111 21890880 60285858 26898512 17202642 59415293 80285158 88371672 1584357 69418226 72862462 22134288 42956070 42924303 40435134 12309943 54425443 13149826 16792848 48774250 36019978 29357568 3633861 70500484 31444394 38919594 24731601 75937188 1071761 95556169 99661426 324160 12387849 15084869 42353717 475014 3064253 84998103 22571630 99389940 73112132 93103294 86817360 52460243 51529221 53604267 84238585 21185700 99478905 25257787 60417787 62380619 71351778 31947672 13059524 78757403 13432682 13510745 52966375 73094440 88799464 94261714 30490885 89378669 49169937 54246755 61088918 88311318 16628013 23657226 62893599 47507829 76562755 1930122 75797207 78407967 78765401
74189655 74189655 43017530 42557919 39001917 20998978 45315176 4802853 15232341 59004876 72765167 99504020 31626429 7494329 9890112 58540022 99051732 75083043 92611002 76218567 42850709 42681894 87444945 34507111 21890880 60285858 26898512 17202642 59415293 80285158 88371672 1584357 69418226 72862462 22134288 42956070 42924303 40435134 12309943 54425443 13149826 16792848 48774250 36019978 29357568 3633861 70500484 31444394 38919594 24731601 75937188 1071761 95556169 99661426 324160 12387849 15084869 42353717 475014 3064253 84998103 22571630 99389940 73112132 93103294 86817360 52460243 51529221 53604267 84238585 21185700 99478905 25257787 60417787 62380619 71351778 31947672 13059524 78757403 13432682 13510745 52966375 73094440 88799464 94261714 30490885 89378669 49169937 54246755 61088918 88311318 16628013 23657226 62893599 47507829 76562755 1930122 75797207 78407967 78765401 22536530
43017530 43017530 42557919 39001917 20998978 45315176 4802853 15232341 59004876 72765167 99504020 31626429 7494329 9890112 58540022 99051732 75083043 92611002 76218567 42850709 42681894 87444945 34507111 21890880 60285858 26898512 17202642 59415293 80285158 88371672 1584357 69418226 72862462 22134288 42956070 42924303 40435134 12309943 54425443 13149826 16792848 48774250 36019978 29357568 3633861 70500484 31444394 38919594 24731601 75937188 1071761 95556169 99661426 324160 12387849 15084869 42353717 475014 3064253 84998103 22571630 99389940 73112132 93103294 86817360 52460243 51529221 53604267 84238585 21185700 99478905 25257787 60417787 62380619 71351778 31947672 13059524 78757403 13432682 13510745 52966375 73094440 88799464 94261714 30490885 89378669 49169937 54246755 61088918 88311318 16628013 23657226 62893599 47507829 76562755 1930122 75797207 78407967 78765401 22536530 74189655
42557919 42557919 39001917 20998978 45315176 4802853 15232341 59004876 72765167 99504020 31626429 7494329 9890112 58540022 99051732 75083043 92611002 76218567 42850709 42681894 87444945 34507111 21890880 60285858 26898512 17202642 59415293 80285158 88371672 1584357 69418226 72862462 22134288 42956070 42924303 40435134 12309943 54425443 13149826 16792848 48774250 36019978 29357568 3633861 70500484 31444394 38919594 24731601 75937188 1071761 95556169 99661426 324160 12387849 15084869 42353717 475014 3064253 84998103 22571630 99389940 73112132 93103294 86817360 52460243 51529221 53604267 84238585 21185700 99478905 25257787 60417787 62380619 71351778 31947672 13059524 78757403 13432682 13510745 52966375 73094440 88799464 94261714 30490885 89378669 49169937 54246755 61088918 88311318 16628013 23657226 62893599 47507829 76562755 1930122 75797207 78407967 78765401 22536530 74189655 43017530
39001917 39001917 20998978 45315176 4802853 15232341 59004876 72765167 99504020 31626429 7494329 9890112 58540022 99051732 75083043 92611002 76218567 42850709 42681894 87444945 34507111 21890880 60285858 26898512 17202642 59415293 80285158 88371672 1584357 69418226 72862462 22134288 42956070 42924303 40435134 12309943 54425443 13149826 16792848 48774250 36019978 29357568 3633861 70500484 31444394 38919594 24731601 75937188 1071761 95556169 99661426 324160 12387849 15084869 42353717 475014 3064253 84998103 22571630 99389940 73112132 93103294 86817360 52460243 51529221 53604267 84238585 21185700 99478905 25257787 60417787 62380619 71351778 31947672 13059524 78757403 13432682 13510745 52966375 73094440 88799464 94261714 30490885 89378669 49169937 54246755 61088918 88311318 16628013 23657226 62893599 47507829 76562755 1930122 75797207 78407967 78765401 22536530 74189655 43017530 42557919
20998978 20998978 45315176 4802853 15232341 59004876 72765167 99504020 31626429 7494329 9890112 58540022 99051732 75083043 92611002 76218567 42850709 42681894 87444945 34507111 21890880 60285858 26898512 17202642 59415293 80285158 88371672 1584357 69418226 72862462 22134288 42956070 42924303 40435134 12309943 54425443 13149826 16792848 48774250 36019978 29357568 3633861 70500484 31444394 38919594 24731601 75937188 1071761 95556169 99661426 324160 12387849 15084869 42353717 475014 3064253 84998103 22571630 99389940 73112132 93103294 86817360 52460243 51529221 53604267 84238585 21185700 99478905 25257787 60417787 62380619 71351778 31947672 13059524 78757403 13432682 13510745 52966375 73094440 88799464 94261714 30490885 89378669 49169937 54246755 61088918 88311318 16628013 23657226 62893599 47507829 76562755 1930122 75797207 78407967 78765401 22536530 74189655 43017530 42557919 39001917
45315176 45315176 4802853 15232341 59004876 72765167 99504020 31626429 7494329 9890112 58540022 99051732 75083043 92611002 76218567 42850709 42681894 87444945 34507111 21890880 60285858 26898512 17202642 59415293 80285158 88371672 1584357 69418226 72862462 22134288 42956070 42924303 40435134 12309943 54425443 13149826 16792848 48774250 36019978 29357568 3633861 70500484 31444394 38919594 24731601 75937188 1071761 95556169 99661426 324160 12387849 15084869 42353717 475014 3064253 84998103 22571630 99389940 73112132 93103294 86817360 52460243 51529221 53604267 84238585 21185700 99478905 25257787 60417787 62380619 71351778 31947672 13059524 78757403 13432682 13510745 52966375 73094440 88799464 94261714 30490885 89378669 49169937 54246755 61088918 88311318 16628013 23657226 62893599 47507829 76562755 1930122 75797207 78407967 78765401 22536530 74189655 43017530 42557919 39001917 20998978
4802853 4802853 15232341 59004876 72765167 99504020 31626429 7494329 9890112 58540022 99051732 75083043 92611002 76218567 42850709 42681894 87444945 34507111 21890880 60285858 26898512 17202642 59415293 80285158 88371672 1584357 69418226 72862462 22134288 42956070 42924303 40435134 12309943 54425443 13149826 16792848 48774250 36019978 29357568 3633861 70500484 31444394 38919594 24731601 75937188 1071761 95556169 99661426 324160 12387849 15084869 42353717 475014 3064253 84998103 22571630 99389940 73112132 93103294 86817360 52460243 51529221 53604267 84238585 21185700 99478905 25257787 60417787 62380619 71351778 31947672 13059524 78757403 13432682 13510745 52966375 73094440 88799464 94261714 30490885 89378669 49169937 54246755 61088918 88311318 16628013 23657226 62893599 47507829 76562755 1930122 75797207 78407967 78765401 22536530 74189655 43017530 42557919 39001917 20998978 45315176
15232341 15232341 59004876 72765167 99504020 31626429 7494329 9890112 58540022 99051732 75083043 92611002 76218567 42850709 42681894 87444945 34507111 21890880 60285858 26898512 17202642 59415293 80285158 88371672 1584357 69418226 72862462 22134288 42956070 42924303 40435134 12309943 54425443 13149826 16792848 48774250 36019978 29357568 3633861 70500484 31444394 38919594 24731601 75937188 1071761 95556169 99661426 324160 12387849 15084869 42353717 475014 3064253 84998103 22571630 99389940 73112132 93103294 86817360 52460243 51529221 53604267 84238585 21185700 99478905 25257787 60417787 62380619 71351778 31947672 13059524 78757403 13432682 13510745 52966375 73094440 88799464 94261714 30490885 89378669 49169937 54246755 61088918 88311318 16628013 23657226 62893599 47507829 76562755 1930122 75797207 78407967 78765401 22536530 74189655 43017530 42557919 39001917 20998978 45315176 4802853
59004876 59004876 72765167 99504020 31626429 7494329 9890112 58540022 99051732 75083043 92611002 76218567 42850709 42681894 87444945 34507111 21890880 60285858 26898512 17202642 59415293 80285158 88371672 1584357 69418226 72862462 22134288 42956070 42924303 40435134 12309943 54425443 13149826 16792848 48774250 36019978 29357568 3633861 70500484 31444394 38919594 24731601 75937188 1071761 95556169 99661426 324160 12387849 15084869 42353717 475014 3064253 84998103 22571630 99389940 73112132 93103294 86817360 52460243 51529221 53604267 84238585 21185700 99478905 25257787 60417787 62380619 71351778 31947672 13059524 78757403 13432682 13510745 52966375 73094440 88799464 94261714 30490885 89378669 49169937 54246755 61088918 88311318 16628013 23657226 62893599 47507829 76562755 1930122 75797207 78407967 78765401 22536530 74189655 43017530 42557919 39001917 20998978 45315176 4802853 15232341
72765167 72765167 99504020 31626429 7494329 9890112 58540022 99051732 75083043 92611002 76218567 42850709 42681894 87444945 34507111 21890880 60285858 26898512 17202642 59415293 80285158 88371672 1584357 69418226 72862462 22134288 42956070 42924303 40435134 12309943 54425443 13149826 16792848 48774250 36019978 29357568 3633861 70500484 31444394 38919594 24731601 75937188 1071761 95556169 99661426 324160 12387849 15084869 42353717 475014 3064253 84998103 22571630 99389940 73112132 93103294 86817360 52460243 51529221 53604267 84238585 21185700 99478905 25257787 60417787 62380619 71351778 31947672 13059524 78757403 13432682 13510745 52966375 73094440 88799464 94261714 30490885 89378669 49169937 54246755 61088918 88311318 16628013 23657226 62893599 47507829 76562755 1930122 75797207 78407967 78765401 22536530 74189655 43017530 42557919 39001917 20998978 45315176 4802853 15232341 59004876
99504020 99504020 31626429 7494329 9890112 58540022 99051732 75083043 92611002 76218567 42850709 42681894 87444945 34507111 21890880 60285858 26898512 17202642 59415293 80285158 88371672 1584357 69418226 72862462 22134288 42956070 42924303 40435134 12309943 54425443 13149826 16792848 48774250 36019978 29357568 3633861 70500484 31444394 38919594 24731601 75937188 1071761 95556169 99661426 324160 12387849 15084869 42353717 475014 3064253 84998103 22571630 99389940 73112132 93103294 86817360 52460243 51529221 53604267 84238585 21185700 99478905 25257787 60417787 62380619 71351778 31947672 13059524 78757403 13432682 13510745 52966375 73094440 88799464 94261714 30490885 89378669 49169937 54246755 61088918 88311318 16628013 23657226 62893599 47507829 76562755 1930122 75797207 78407967 78765401 22536530 74189655 43017530 42557919 39001917 20998978 45315176 4802853 15232341 59004876 72765167
31626429 31626429 7494329 9890112 58540022 99051732 75083043 92611002 76218567 42850709 42681894 87444945 34507111 21890880 60285858 26898512 17202642 59415293 80285158 88371672 1584357 69418226 72862462 22134288 42956070 42924303 40435134 12309943 54425443 13149826 16792848 48774250 36019978 29357568 3633861 70500484 31444394 38919594 24731601 75937188 1071761 95556169 99661426 324160 12387849 15084869 42353717 475014 3064253 84998103 22571630 99389940 73112132 93103294 86817360 52460243 51529221 53604267 84238585 21185700 99478905 25257787 60417787 62380619 71351778 31947672 13059524 78757403 13432682 13510745 52966375 73094440 88799464 94261714 30490885 89378669 49169937 54246755 61088918 88311318 16628013 23657226 62893599 47507829 76562755 1930122 75797207 78407967 78765401 22536530 74189655 43017530 42557919 39001917 20998978 45315176 4802853 15232341 59004876 72765167 99504020
7494329 7494329 9890112 58540022 99051732 75083043 92611002 76218567 42850709 42681894 87444945 34507111 21890880 60285858 26898512 17202642 59415293 80285158 88371672 1584357 69418226 72862462 22134288 42956070 42924303 40435134 12309943 54425443 13149826 16792848 48774250 36019978 29357568 3633861 70500484 31444394 38919594 24731601 75937188 1071761 95556169 99661426 324160 12387849 15084869 42353717 475014 3064253 84998103 22571630 99389940 73112132 93103294 86817360 52460243 51529221 53604267 84238585 21185700 99478905 25257787 60417787 62380619 71351778 31947672 13059524 78757403 13432682 13510745 52966375 73094440 88799464 94261714 30490885 89378669 49169937 54246755 61088918 88311318 16628013 23657226 62893599 47507829 76562755 1930122 75797207 78407967 78765401 22536530 74189655 43017530 42557919 39001917 20998978 45315176 4802853 15232341 59004876 72765167 99504020 31626429
9890112 9890112 58540022 99051732 75083043 92611002 76218567 42850709 42681894 87444945 34507111 21890880 60285858 26898512 17202642 59415293 80285158 88371672 1584357 69418226 72862462 22134288 42956070 42924303 40435134 12309943 54425443 13149826 16792848 48774250 36019978 29357568 3633861 70500484 31444394 38919594 24731601 75937188 1071761 95556169 99661426 324160 12387849 15084869 42353717 475014 3064253 84998103 22571630 99389940 73112132 93103294 86817360 52460243 51529221 53604267 84238585 21185700 99478905 25257787 60417787 62380619 71351778 31947672 13059524 78757403 13432682 13510745 52966375 73094440 88799464 94261714 30490885 89378669 49169937 54246755 61088918 88311318 16628013 23657226 62893599 47507829 76562755 1930122 75797207 78407967 78765401 22536530 74189655 43017530 42557919 39001917 20998978 45315176 4802853 15232341 59004876 72765167 99504020 31626429 7494329
58540022 58540022 99051732 75083043 92611002 76218567 42850709 42681894 87444945 34507111 21890880 60285858 26898512 17202642 59415293 80285158 88371672 1584357 69418226 72862462 22134288 42956070 42924303 40435134 12309943 54425443 13149826 16792848 48774250 36019978 29357568 3633861 70500484 31444394 38919594 24731601 75937188 1071761 95556169 99661426 324160 12387849 15084869 42353717 475014 3064253 84998103 22571630 99389940 73112132 93103294 86817360 52460243 51529221 53604267 84238585 21185700 99478905 25257787 60417787 62380619 71351778 31947672 13059524 78757403 13432682 13510745 52966375 73094440 88799464 94261714 30490885 89378669 49169937 54246755 61088918 88311318 16628013 23657226 62893599 47507829 76562755 1930122 75797207 78407967 78765401 22536530 74189655 43017530 42557919 39001917 20998978 45315176 4802853 15232341 59004876 72765167 99504020 31626429 7494329 9890112
99051732 99051732 75083043 92611002 76218567 42850709 42681894 87444945 34507111 21890880 60285858 26898512 17202642 59415293 80285158 88371672 1584357 69418226 72862462 22134288 42956070 42924303 40435134 12309943 54425443 13149826 16792848 48774250 36019978 29357568 3633861 70500484 31444394 38919594 24731601 75937188 1071761 95556169 99661426 324160 12387849 15084869 42353717 475014 3064253 84998103 22571630 99389940 73112132 93103294 86817360 52460243 51529221 53604267 84238585 21185700 99478905 25257787 60417787 62380619 71351778 31947672 13059524 78757403 13432682 13510745 52966375 73094440 88799464 94261714 30490885 89378669 49169937 54246755 61088918 88311318 16628013 23657226 62893599 47507829 76562755 1930122 75797207 78407967 78765401 22536530 74189655 43017530 42557919 39001917 20998978 45315176 4802853 15232341 59004876 72765167 99504020 31626429 7494329 9890112 58540022
75083043 75083043 92611002 76218567 42850709 42681894 87444945 34507111 21890880 60285858 26898512 17202642 59415293 80285158 88371672 1584357 69418226 72862462 22134288 42956070 42924303 40435134 12309943 54425443 13149826 16792848 48774250 36019978 29357568 3633861 70500484 31444394 38919594 24731601 75937188 1071761 95556169 99661426 324160 12387849 15084869 42353717 475014 3064253 84998103 22571630 99389940 73112132 93103294 86817360 52460243 51529221 53604267 84238585 21185700 99478905 25257787 60417787 62380619 71351778 31947672 13059524 78757403 13432682 13510745 52966375 73094440 88799464 94261714 30490885 89378669 49169937 54246755 61088918 88311318 16628013 23657226 62893599 47507829 76562755 1930122 75797207 78407967 78765401 22536530 74189655 43017530 42557919 39001917 20998978 45315176 4802853 15232341 59004876 72765167 99504020 31626429 7494329 9890112 58540022 99051732
92611002 92611002 76218567 42850709 42681894 87444945 34507111 21890880 60285858 26898512 17202642 59415293 80285158 88371672 1584357 69418226 72862462 22134288 42956070 42924303 40435134 12309943 54425443 13149826 16792848 48774250 36019978 29357568 3633861 70500484 31444394 38919594 24731601 75937188 1071761 95556169 99661426 324160 12387849 15084869 42353717 475014 3064253 84998103 22571630 99389940 73112132 93103294 86817360 52460243 51529221 53604267 84238585 21185700 99478905 25257787 60417787 62380619 71351778 31947672 13059524 78757403 13432682 13510745 52966375 73094440 88799464 94261714 30490885 89378669 49169937 54246755 61088918 88311318 16628013 23657226 62893599 47507829 76562755 1930122 75797207 78407967 78765401 22536530 74189655 43017530 42557919 39001917 20998978 45315176 4802853 15232341 59004876 72765167 99504020 31626429 7494329 9890112 58540022 99051732 75083043
76218567 76218567 42850709 42681894 87444945 34507111 21890880 60285858 26898512 17202642 59415293 80285158 88371672 1584357 69418226 72862462 22134288 42956070 42924303 40435134 12309943 54425443 13149826 16792848 48774250 36019978 29357568 3633861 70500484 31444394 38919594 24731601 75937188 1071761 95556169 99661426 324160 12387849 15084869 42353717 475014 3064253 84998103 22571630 99389940 73112132 93103294 86817360 52460243 51529221 53604267 84238585 21185700 99478905 25257787 60417787 62380619 71351778 31947672 13059524 78757403 13432682 13510745 52966375 73094440 88799464 94261714 30490885 89378669 49169937 54246755 61088918 88311318 16628013 23657226 62893599 47507829 76562755 1930122 75797207 78407967 78765401 22536530 74189655 43017530 42557919 39001917 20998978 45315176 4802853 15232341 59004876 72765167 99504020 31626429 7494329 9890112 58540022 99051732 75083043 92611002
42850709 42850709 42681894 87444945 34507111 21890880 60285858 26898512 17202642 59415293 80285158 88371672 1584357 69418226 72862462 22134288 42956070 42924303 40435134 12309943 54425443 13149826 16792848 48774250 36019978 29357568 3633861 70500484 31444394 38919594 24731601 75937188 1071761 95556169 99661426 324160 12387849 15084869 42353717 475014 3064253 84998103 22571630 99389940 73112132 93103294 86817360 52460243 51529221 53604267 84238585 21185700 99478905 25257787 60417787 62380619 71351778 31947672 13059524 78757403 13432682 13510745 52966375 73094440 88799464 94261714 30490885 89378669 49169937 54246755 61088918 88311318 16628013 23657226 62893599 47507829 76562755 1930122 75797207 78407967 78765401 22536530 74189655 43017530 42557919 39001917 20998978 45315176 4802853 15232341 59004876 72765167 99504020 31626429 7494329 9890112 58540022 99051732 75083043 92611002 76218567
42681894 42681894 87444945 34507111 21890880 60285858 26898512 17202642 59415293 80285158 88371672 1584357 69418226 72862462 22134288 42956070 42924303 40435134 12309943 54425443 13149826 16792848 48774250 36019978 29357568 3633861 70500484 31444394 38919594 24731601 75937188 1071761 95556169 99661426 324160 12387849 15084869 42353717 475014 3064253 84998103 22571630 99389940 73112132 93103294 86817360 52460243 51529221 53604267 84238585 21185700 99478905 25257787 60417787 62380619 71351778 31947672 13059524 78757403 13432682 13510745 52966375 73094440 88799464 94261714 30490885 89378669 49169937 54246755 61088918 88311318 16628013 23657226 62893599 47507829 76562755 1930122 75797207 78407967 78765401 22536530 74189655 43017530 42557919 39001917 20998978 45315176 4802853 15232341 59004876 72765167 99504020 31626429 7494329 9890112 58540022 99051732 75083043 92611002 76218567 42850709
87444945 87444945 34507111 21890880 60285858 26898512 17202642 59415293 80285158 88371672 1584357 69418226 72862462 22134288 42956070 42924303 40435134 12309943 54425443 13149826 16792848 48774250 36019978 29357568 3633861 70500484 31444394 38919594 24731601 75937188 1071761 95556169 99661426 324160 12387849 15084869 42353717 475014 3064253 84998103 22571630 99389940 73112132 93103294 86817360 52460243 51529221 53604267 84238585 21185700 99478905 25257787 60417787 62380619 71351778 31947672 13059524 78757403 13432682 13510745 52966375 73094440 88799464 94261714 30490885 89378669 49169937 54246755 61088918 88311318 16628013 23657226 62893599 47507829 76562755 1930122 75797207 78407967 78765401 22536530 74189655 43017530 42557919 39001917 20998978 45315176 4802853 15232341 59004876 72765167 99504020 31626429 7494329 9890112 58540022 99051732 75083043 92611002 76218567 42850709 42681894
34507111 34507111 21890880 60285858 26898512 17202642 59415293 80285158 88371672 1584357 69418226 72862462 22134288 42956070 42924303 40435134 12309943 54425443 13149826 16792848 48774250 36019978 29357568 3633861 70500484 31444394 38919594 24731601 75937188 1071761 95556169 99661426 324160 12387849 15084869 42353717 475014 3064253 84998103 22571630 99389940 73112132 93103294 86817360 52460243 51529221 53604267 84238585 21185700 99478905 25257787 60417787 62380619 71351778 31947672 13059524 78757403 13432682 13510745 52966375 73094440 88799464 94261714 30490885 89378669 49169937 54246755 61088918 88311318 16628013 23657226 62893599 47507829 76562755 1930122 75797207 78407967 78765401 22536530 74189655 43017530 42557919 39001917 20998978 45315176 4802853 15232341 59004876 72765167 99504020 31626429 7494329 9890112 58540022 99051732 75083043 92611002 76218567 42850709 42681894 87444945
21890880 21890880 60285858 26898512 17202642 59415293 80285158 88371672 1584357 69418226 72862462 22134288 42956070 42924303 40435134 12309943 54425443 13149826 16792848 48774250 36019978 29357568 3633861 70500484 31444394 38919594 24731601 75937188 1071761 95556169 99661426 324160 12387849 15084869 42353717 475014 3064253 84998103 22571630 99389940 73112132 93103294 86817360 52460243 51529221 53604267 84238585 21185700 99478905 25257787 60417787 62380619 71351778 31947672 13059524 78757403 13432682 13510745 52966375 73094440 88799464 94261714 30490885 89378669 49169937 54246755 61088918 88311318 16628013 23657226 62893599 47507829 76562755 1930122 75797207 78407967 78765401 22536530 74189655 43017530 42557919 39001917 20998978 45315176 4802853 15232341 59004876 72765167 99504020 31626429 7494329 9890112 58540022 99051732 75083043 92611002 76218567 42850709 42681894 87444945 34507111
60285858 60285858 26898512 17202642 59415293 80285158 88371672 1584357 69418226 72862462 22134288 42956070 42924303 40435134 12309943 54425443 13149826 16792848 48774250 36019978 29357568 3633861 70500484 31444394 38919594 24731601 75937188 1071761 95556169 99661426 324160 12387849 15084869 42353717 475014 3064253 84998103 22571630 99389940 73112132 93103294 86817360 52460243 51529221 53604267 84238585 21185700 99478905 25257787 60417787 62380619 71351778 31947672 13059524 78757403 13432682 13510745 52966375 73094440 88799464 94261714 30490885 89378669 49169937 54246755 61088918 88311318 16628013 23657226 62893599 47507829 76562755 1930122 75797207 78407967 78765401 22536530 74189655 43017530 42557919 39001917 20998978 45315176 4802853 15232341 59004876 72765167 99504020 31626429 7494329 9890112 58540022 99051732 75083043 92611002 76218567 42850709 42681894 87444945 34507111 21890880
26898512 26898512 17202642 59415293 80285158 88371672 1584357 69418226 72862462 22134288 42956070 42924303 40435134 12309943 54425443 13149826 16792848 48774250 36019978 29357568 3633861 70500484 31444394 38919594 24731601 75937188 1071761 95556169 99661426 324160 12387849 15084869 42353717 475014 3064253 84998103 22571630 99389940 73112132 93103294 86817360 52460243 51529221 53604267 84238585 21185700 99478905 25257787 60417787 62380619 71351778 31947672 13059524 78757403 13432682 13510745 52966375 73094440 88799464 94261714 30490885 89378669 49169937 54246755 61088918 88311318 16628013 23657226 62893599 47507829 76562755 1930122 75797207 78407967 78765401 22536530 74189655 43017530 42557919 39001917 20998978 45315176 4802853 15232341 59004876 72765167 99504020 31626429 7494329 9890112 58540022 99051732 75083043 92611002 76218567 42850709 42681894 87444945 34507111 21890880 60285858
17202642 17202642 59415293 80285158 88371672 1584357 69418226 72862462 22134288 42956070 42924303 40435134 12309943 54425443 13149826 16792848 48774250 36019978 29357568 3633861 70500484 31444394 38919594 24731601 75937188 1071761 95556169 99661426 324160 12387849 15084869 42353717 475014 3064253 84998103 22571630 99389940 73112132 93103294 86817360 52460243 51529221 53604267 84238585 21185700 99478905 25257787 60417787 62380619 71351778 31947672 13059524 78757403 13432682 13510745 52966375 73094440 88799464 94261714 30490885 89378669 49169937 54246755 61088918 88311318 16628013 23657226 62893599 47507829 76562755 1930122 75797207 78407967 78765401 22536530 74189655 43017530 42557919 39001917 20998978 45315176 4802853 15232341 59004876 72765167 99504020 31626429 7494329 9890112 58540022 99051732 75083043 92611002 76218567 42850709 42681894 87444945 34507111 21890880 60285858 26898512
59415293 59415293 80285158 88371672 1584357 69418226 72862462 22134288 42956070 42924303 40435134 12309943 54425443 13149826 16792848 48774250 36019978 29357568 3633861 70500484 31444394 38919594 24731601 75937188 1071761 95556169 99661426 324160 12387849 15084869 42353717 475014 3064253 84998103 22571630 99389940 73112132 93103294 86817360 52460243 51529221 53604267 84238585 21185700 99478905 25257787 60417787 62380619 71351778 31947672 13059524 78757403 13432682 13510745 52966375 73094440 88799464 94261714 30490885 89378669 49169937 54246755 61088918 88311318 16628013 23657226 62893599 47507829 76562755 1930122 75797207 78407967 78765401 22536530 74189655 43017530 42557919 39001917 20998978 45315176 4802853 15232341 59004876 72765167 99504020 31626429 7494329 9890112 58540022 99051732 75083043 92611002 76218567 42850709 42681894 87444945 34507111 21890880 60285858 26898512 17202642
80285158 80285158 88371672 1584357 69418226 72862462 22134288 42956070 42924303 40435134 12309943 54425443 13149826 16792848 48774250 36019978 29357568 3633861 70500484 31444394 38919594 24731601 75937188 1071761 95556169 99661426 324160 12387849 15084869 42353717 475014 3064253 84998103 22571630 99389940 73112132 93103294 86817360 52460243 51529221 53604267 84238585 21185700 99478905 25257787 60417787 62380619 71351778 31947672 13059524 78757403 13432682 13510745 52966375 73094440 88799464 94261714 30490885 89378669 49169937 54246755 61088918 88311318 16628013 23657226 62893599 47507829 76562755 1930122 75797207 78407967 78765401 22536530 74189655 43017530 42557919 39001917 20998978 45315176 4802853 15232341 59004876 72765167 99504020 31626429 7494329 9890112 58540022 99051732 75083043 92611002 76218567 42850709 42681894 87444945 34507111 21890880 60285858 26898512 17202642 59415293
88371672 88371672 1584357 69418226 72862462 22134288 42956070 42924303 40435134 12309943 54425443 13149826 16792848 48774250 36019978 29357568 3633861 70500484 31444394 38919594 24731601 75937188 1071761 95556169 99661426 324160 12387849 15084869 42353717 475014 3064253 84998103 22571630 99389940 73112132 93103294 86817360 52460243 51529221 53604267 84238585 21185700 99478905 25257787 60417787 62380619 71351778 31947672 13059524 78757403 13432682 13510745 52966375 73094440 88799464 94261714 30490885 89378669 49169937 54246755 61088918 88311318 16628013 23657226 62893599 47507829 76562755 1930122 75797207 78407967 78765401 22536530 74189655 43017530 42557919 39001917 20998978 45315176 4802853 15232341 59004876 72765167 99504020 31626429 7494329 9890112 58540022 99051732 75083043 92611002 76218567 42850709 42681894 87444945 34507111 21890880 60285858 26898512 17202642 59415293 80285158
1584357 1584357 69418226 72862462 22134288 42956070 42924303 40435134 12309943 54425443 13149826 16792848 48774250 36019978 29357568 3633861 70500484 31444394 38919594 24731601 75937188 1071761 95556169 99661426 324160 12387849 15084869 42353717 475014 3064253 84998103 22571630 99389940 73112132 93103294 86817360 52460243 51529221 53604267 84238585 21185700 99478905 25257787 60417787 62380619 71351778 31947672 13059524 78757403 13432682 13510745 52966375 73094440 88799464 94261714 30490885 89378669 49169937 54246755 61088918 88311318 16628013 23657226 62893599 47507829 76562755 1930122 75797207 78407967 78765401 22536530 74189655 43017530 42557919 39001917 20998978 45315176 4802853 15232341 59004876 72765167 99504020 31626429 7494329 9890112 58540022 99051732 75083043 92611002 76218567 42850709 42681894 87444945 34507111 21890880 60285858 26898512 17202642 59415293 80285158 88371672
69418226 69418226 72862462 22134288 42956070 42924303 40435134 12309943 54425443 13149826 16792848 48774250 36019978 29357568 3633861 70500484 31444394 38919594 24731601 75937188 1071761 95556169 99661426 324160 12387849 15084869 42353717 475014 3064253 84998103 22571630 99389940 73112132 93103294 86817360 52460243 51529221 53604267 84238585 21185700 99478905 25257787 60417787 62380619 71351778 31947672 13059524 78757403 13432682 13510745 52966375 73094440 88799464 94261714 30490885 89378669 49169937 54246755 61088918 88311318 16628013 23657226 62893599 47507829 76562755 1930122 75797207 78407967 78765401 22536530 74189655 43017530 42557919 39001917 20998978 45315176 4802853 15232341 59004876 72765167 99504020 31626429 7494329 9890112 58540022 99051732 75083043 92611002 76218567 42850709 42681894 87444945 34507111 21890880 60285858 26898512 17202642 59415293 80285158 88371672 1584357
72862462 72862462 22134288 42956070 42924303 40435134 12309943 54425443 13149826 16792848 48774250 36019978 29357568 3633861 70500484 31444394 38919594 24731601 75937188 1071761 95556169 99661426 324160 12387849 15084869 42353717 475014 3064253 84998103 22571630 99389940 73112132 93103294 86817360 52460243 51529221 53604267 84238585 21185700 99478905 25257787 60417787 62380619 71351778 31947672 13059524 78757403 13432682 13510745 52966375 73094440 88799464 94261714 30490885 89378669 49169937 54246755 61088918 88311318 16628013 23657226 62893599 47507829 76562755 1930122 75797207 78407967 78765401 22536530 74189655 43017530 42557919 39001917 20998978 45315176 4802853 15232341 59004876 72765167 99504020 31626429 7494329 9890112 58540022 99051732 75083043 92611002 76218567 42850709 42681894 87444945 34507111 21890880 60285858 26898512 17202642 59415293 80285158 88371672 1584357 69418226
-1
94261714 30490885 89378669 49169937 54246755 61088918 88311318 16628013 23657226 62893599 47507829 76562755 1930122 75797207 78407967 78765401 22536530 74189655 43017530 42557919 39001917 20998978 45315176 4802853 15232341 59004876 72765167 99504020 31626429 7494329 9890112 58540022 99051732 75083043 92611002 76218567 42850709 42681894 87444945 34507111 21890880 60285858 26898512 17202642 59415293 80285158 88371672 1584357 69418226 72862462
30490885 89378669 49169937 54246755 61088918 88311318 16628013 23657226 62893599 47507829 76562755 1930122 75797207 78407967 78765401 22536530 74189655 43017530 42557919 39001917 20998978 45315176 4802853 15232341 59004876 72765167 99504020 31626429 7494329 9890112 58540022 99051732 75083043 92611002 76218567 42850709 42681894 87444945 34507111 21890880 60285858 26898512 17202642 59415293 80285158 88371672 1584357 69418226 72862462 94261714
89378669 49169937 54246755 61088918 88311318 16628013 23657226 62893599 47507829 76562755 1930122 75797207 78407967 78765401 22536530 74189655 43017530 42557919 39001917 20998978 45315176 4802853 15232341 59004876 72765167 99504020 31626429 7494329 9890112 58540022 99051732 75083043 92611002 76218567 42850709 42681894 87444945 34507111 21890880 60285858 26898512 17202642 59415293 80285158 88371672 1584357 69418226 72862462 94261714 30490885
49169937 54246755 61088918 88311318 16628013 23657226 62893599 47507829 76562755 1930122 75797207 78407967 78765401 22536530 74189655 43017530 42557919 39001917 20998978 45315176 4802853 15232341 59004876 72765167 99504020 31626429 7494329 9890112 58540022 99051732 75083043 92611002 76218567 42850709 42681894 87444945 34507111 21890880 60285858 26898512 17202642 59415293 80285158 88371672 1584357 69418226 72862462 94261714 30490885 89378669
54246755 61088918 88311318 16628013 23657226 62893599 47507829 76562755 1930122 75797207 78407967 78765401 22536530 74189655 43017530 42557919 39001917 20998978 45315176 4802853 15232341 59004876 72765167 99504020 31626429 7494329 9890112 58540022 99051732 75083043 92611002 76218567 42850709 42681894 87444945 34507111 21890880 60285858 26898512 17202642 59415293 80285158 88371672 1584357 69418226 72862462 94261714 30490885 89378669 49169937
61088918 88311318 16628013 23657226 62893599 47507829 76562755 1930122 75797207 78407967 78765401 22536530 74189655 43017530 42557919 39001917 20998978 45315176 4802853 15232341 59004876 72765167 99504020 31626429 7494329 9890112 58540022 99051732 75083043 92611002 76218567 42850709 42681894 87444945 34507111 21890880 60285858 26898512 17202642 59415293 80285158 88371672 1584357 69418226 72862462 94261714 30490885 89378669 49169937 54246755
88311318 16628013 23657226 62893599 47507829 76562755 1930122 75797207 78407967 78765401 22536530 74189655 43017530 42557919 39001917 20998978 45315176 4802853 15232341 59004876 72765167 99504020 31626429 7494329 9890112 58540022 99051732 75083043 92611002 76218567 42850709 42681894 87444945 34507111 21890880 60285858 26898512 17202642 59415293 80285158 88371672 1584357 69418226 72862462 94261714 30490885 89378669 49169937 54246755 61088918
16628013 23657226 62893599 47507829 76562755 1930122 75797207 78407967 78765401 22536530 74189655 43017530 42557919 39001917 20998978 45315176 4802853 15232341 59004876 72765167 99504020 31626429 7494329 9890112 58540022 99051732 75083043 92611002 76218567 42850709 42681894 87444945 34507111 21890880 60285858 26898512 17202642 59415293 80285158 88371672 1584357 69418226 72862462 94261714 30490885 89378669 49169937 54246755 61088918 88311318
23657226 62893599 47507829 76562755 1930122 75797207 78407967 78765401 22536530 74189655 43017530 42557919 39001917 20998978 45315176 4802853 15232341 59004876 72765167 99504020 31626429 7494329 9890112 58540022 99051732 75083043 92611002 76218567 42850709 42681894 87444945 34507111 21890880 60285858 26898512 17202642 59415293 80285158 88371672 1584357 69418226 72862462 94261714 30490885 89378669 49169937 54246755 61088918 88311318 16628013
62893599 47507829 76562755 1930122 75797207 78407967 78765401 22536530 74189655 43017530 42557919 39001917 20998978 45315176 4802853 15232341 59004876 72765167 99504020 31626429 7494329 9890112 58540022 99051732 75083043 92611002 76218567 42850709 42681894 87444945 34507111 21890880 60285858 26898512 17202642 59415293 80285158 88371672 1584357 69418226 72862462 94261714 30490885 89378669 49169937 54246755 61088918 88311318 16628013 23657226
47507829 76562755 1930122 75797207 78407967 78765401 22536530 74189655 43017530 42557919 39001917 20998978 45315176 4802853 15232341 59004876 72765167 99504020 31626429 7494329 9890112 58540022 99051732 75083043 92611002 76218567 42850709 42681894 87444945 34507111 21890880 60285858 26898512 17202642 59415293 80285158 88371672 1584357 69418226 72862462 94261714 30490885 89378669 49169937 54246755 61088918 88311318 16628013 23657226 62893599
76562755 1930122 75797207 78407967 78765401 22536530 74189655 43017530 42557919 39001917 20998978 45315176 4802853 15232341 59004876 72765167 99504020 31626429 7494329 9890112 58540022 99051732 75083043 92611002 76218567 42850709 42681894 87444945 34507111 21890880 60285858 26898512 17202642 59415293 80285158 88371672 1584357 69418226 72862462 94261714 30490885 89378669 49169937 54246755 61088918 88311318 16628013 23657226 62893599 47507829
1930122 75797207 78407967 78765401 22536530 74189655 43017530 42557919 39001917 20998978 45315176 4802853 15232341 59004876 72765167 99504020 31626429 7494329 9890112 58540022 99051732 75083043 92611002 76218567 42850709 42681894 87444945 34507111 21890880 60285858 26898512 17202642 59415293 80285158 88371672 1584357 69418226 72862462 94261714 30490885 89378669 49169937 54246755 61088918 88311318 16628013 23657226 62893599 47507829 76562755
75797207 78407967 78765401 22536530 74189655 43017530 42557919 39001917 20998978 45315176 4802853 15232341 59004876 72765167 99504020 31626429 7494329 9890112 58540022 99051732 75083043 92611002 76218567 42850709 42681894 87444945 34507111 21890880 60285858 26898512 17202642 59415293 80285158 88371672 1584357 69418226 72862462 94261714 30490885 89378669 49169937 54246755 61088918 88311318 16628013 23657226 62893599 47507829 76562755 1930122
78407967 78765401 22536530 74189655 43017530 42557919 39001917 20998978 45315176 4802853 15232341 59004876 72765167 99504020 31626429 7494329 9890112 58540022 99051732 75083043 92611002 76218567 42850709 42681894 87444945 34507111 21890880 60285858 26898512 17202642 59415293 80285158 88371672 1584357 69418226 72862462 94261714 30490885 89378669 49169937 54246755 61088918 88311318 16628013 23657226 62893599 47507829 76562755 1930122 75797207
78765401 22536530 74189655 43017530 42557919 39001917 20998978 45315176 4802853 15232341 59004876 72765167 99504020 31626429 7494329 9890112 58540022 99051732 75083043 92611002 76218567 42850709 42681894 87444945 34507111 21890880 60285858 26898512 17202642 59415293 80285158 88371672 1584357 69418226 72862462 94261714 30490885 89378669 49169937 54246755 61088918 88311318 16628013 23657226 62893599 47507829 76562755 1930122 75797207 78407967
22536530 74189655 43017530 42557919 39001917 20998978 45315176 4802853 15232341 59004876 72765167 99504020 31626429 7494329 9890112 58540022 99051732 75083043 92611002 76218567 42850709 42681894 87444945 34507111 21890880 60285858 26898512 17202642 59415293 80285158 88371672 1584357 69418226 72862462 94261714 30490885 89378669 49169937 54246755 61088918 88311318 16628013 23657226 62893599 47507829 76562755 1930122 75797207 78407967 78765401
74189655 43017530 42557919 39001917 20998978 45315176 4802853 15232341 59004876 72765167 99504020 31626429 7494329 9890112 58540022 99051732 75083043 92611002 76218567 42850709 42681894 87444945 34507111 21890880 60285858 26898512 17202642 59415293 80285158 88371672 1584357 69418226 72862462 94261714 30490885 89378669 49169937 54246755 61088918 88311318 16628013 23657226 62893599 47507829 76562755 1930122 75797207 78407967 78765401 22536530
43017530 42557919 39001917 20998978 45315176 4802853 15232341 59004876 72765167 99504020 31626429 7494329 9890112 58540022 99051732 75083043 92611002 76218567 42850709 42681894 87444945 34507111 21890880 60285858 26898512 17202642 59415293 80285158 88371672 1584357 69418226 72862462 94261714 30490885 89378669 49169937 54246755 61088918 88311318 16628013 23657226 62893599 47507829 76562755 1930122 75797207 78407967 78765401 22536530 74189655
42557919 39001917 20998978 45315176 4802853 15232341 59004876 72765167 99504020 31626429 7494329 9890112 58540022 99051732 75083043 92611002 76218567 42850709 42681894 87444945 34507111 21890880 60285858 26898512 17202642 59415293 80285158 88371672 1584357 69418226 72862462 94261714 30490885 89378669 49169937 54246755 61088918 88311318 16628013 23657226 62893599 47507829 76562755 1930122 75797207 78407967 78765401 22536530 74189655 43017530
39001917 20998978 45315176 4802853 15232341 59004876 72765167 99504020 31626429 7494329 9890112 58540022 99051732 75083043 92611002 76218567 42850709 42681894 87444945 34507111 21890880 60285858 26898512 17202642 59415293 80285158 88371672 1584357 69418226 72862462 94261714 30490885 89378669 49169937 54246755 61088918 88311318 16628013 23657226 62893599 47507829 76562755 1930122 75797207 78407967 78765401 22536530 74189655 43017530 42557919
20998978 45315176 4802853 15232341 59004876 72765167 99504020 31626429 7494329 9890112 58540022 99051732 75083043 92611002 76218567 42850709 42681894 87444945 34507111 21890880 60285858 26898512 17202642 59415293 80285158 88371672 1584357 69418226 72862462 94261714 30490885 89378669 49169937 54246755 61088918 88311318 16628013 23657226 62893599 47507829 76562755 1930122 75797207 78407967 78765401 22536530 74189655 43017530 42557919 39001917
45315176 4802853 15232341 59004876 72765167 99504020 31626429 7494329 9890112 58540022 99051732 75083043 92611002 76218567 42850709 42681894 87444945 34507111 21890880 60285858 26898512 17202642 59415293 80285158 88371672 1584357 69418226 72862462 94261714 30490885 89378669 49169937 54246755 61088918 88311318 16628013 23657226 62893599 47507829 76562755 1930122 75797207 78407967 78765401 22536530 74189655 43017530 42557919 39001917 20998978
4802853 15232341 59004876 72765167 99504020 31626429 7494329 9890112 58540022 99051732 75083043 92611002 76218567 42850709 42681894 87444945 34507111 21890880 60285858 26898512 17202642 59415293 80285158 88371672 1584357 69418226 72862462 94261714 30490885 89378669 49169937 54246755 61088918 88311318 16628013 23657226 62893599 47507829 76562755 1930122 75797207 78407967 78765401 22536530 74189655 43017530 42557919 39001917 20998978 45315176
15232341 59004876 72765167 99504020 31626429 7494329 9890112 58540022 99051732 75083043 92611002 76218567 42850709 42681894 87444945 34507111 21890880 60285858 26898512 17202642 59415293 80285158 88371672 1584357 69418226 72862462 94261714 30490885 89378669 49169937 54246755 61088918 88311318 16628013 23657226 62893599 47507829 76562755 1930122 75797207 78407967 78765401 22536530 74189655 43017530 42557919 39001917 20998978 45315176 4802853
59004876 72765167 99504020 31626429 7494329 9890112 58540022 99051732 75083043 92611002 76218567 42850709 42681894 87444945 34507111 21890880 60285858 26898512 17202642 59415293 80285158 88371672 1584357 69418226 72862462 94261714 30490885 89378669 49169937 54246755 61088918 88311318 16628013 23657226 62893599 47507829 76562755 1930122 75797207 78407967 78765401 22536530 74189655 43017530 42557919 39001917 20998978 45315176 4802853 15232341
72765167 99504020 31626429 7494329 9890112 58540022 99051732 75083043 92611002 76218567 42850709 42681894 87444945 34507111 21890880 60285858 26898512 17202642 59415293 80285158 88371672 1584357 69418226 72862462 94261714 30490885 89378669 49169937 54246755 61088918 88311318 16628013 23657226 62893599 47507829 76562755 1930122 75797207 78407967 78765401 22536530 74189655 43017530 42557919 39001917 20998978 45315176 4802853 15232341 59004876
99504020 31626429 7494329 9890112 58540022 99051732 75083043 92611002 76218567 42850709 42681894 87444945 34507111 21890880 60285858 26898512 17202642 59415293 80285158 88371672 1584357 69418226 72862462 94261714 30490885 89378669 49169937 54246755 61088918 88311318 16628013 23657226 62893599 47507829 76562755 1930122 75797207 78407967 78765401 22536530 74189655 43017530 42557919 39001917 20998978 45315176 4802853 15232341 59004876 72765167
31626429 7494329 9890112 58540022 99051732 75083043 92611002 76218567 42850709 42681894 87444945 34507111 21890880 60285858 26898512 17202642 59415293 80285158 88371672 1584357 69418226 72862462 94261714 30490885 89378669 49169937 54246755 61088918 88311318 16628013 23657226 62893599 47507829 76562755 1930122 75797207 78407967 78765401 22536530 74189655 43017530 42557919 39001917 20998978 45315176 4802853 15232341 59004876 72765167 99504020
7494329 9890112 58540022 99051732 75083043 92611002 76218567 42850709 42681894 87444945 34507111 21890880 60285858 26898512 17202642 59415293 80285158 88371672 1584357 69418226 72862462 94261714 30490885 89378669 49169937 54246755 61088918 88311318 16628013 23657226 62893599 47507829 76562755 1930122 75797207 78407967 78765401 22536530 74189655 43017530 42557919 39001917 20998978 45315176 4802853 15232341 59004876 72765167 99504020 31626429
9890112 58540022 99051732 75083043 92611002 76218567 42850709 42681894 87444945 34507111 21890880 60285858 26898512 17202642 59415293 80285158 88371672 1584357 69418226 72862462 94261714 30490885 89378669 49169937 54246755 61088918 88311318 16628013 23657226 62893599 47507829 76562755 1930122 75797207 78407967 78765401 22536530 74189655 43017530 42557919 39001917 20998978 45315176 4802853 15232341 59004876 72765167 99504020 31626429 7494329
58540022 99051732 75083043 92611002 76218567 42850709 42681894 87444945 34507111 21890880 60285858 26898512 17202642 59415293 80285158 88371672 1584357 69418226 72862462 94261714 30490885 89378669 49169937 54246755 61088918 88311318 16628013 23657226 62893599 47507829 76562755 1930122 75797207 78407967 78765401 22536530 74189655 43017530 42557919 39001917 20998978 45315176 4802853 15232341 59004876 72765167 99504020 31626429 7494329 9890112
99051732 75083043 92611002 76218567 42850709 42681894 87444945 34507111 21890880 60285858 26898512 17202642 59415293 80285158 88371672 1584357 69418226 72862462 94261714 30490885 89378669 49169937 54246755 61088918 88311318 16628013 23657226 62893599 47507829 76562755 1930122 75797207 78407967 78765401 22536530 74189655 43017530 42557919 39001917 20998978 45315176 4802853 15232341 59004876 72765167 99504020 31626429 7494329 9890112 58540022
75083043 92611002 76218567 42850709 42681894 87444945 34507111 21890880 60285858 26898512 17202642 59415293 80285158 88371672 1584357 69418226 72862462 94261714 30490885 89378669 49169937 54246755 61088918 88311318 16628013 23657226 62893599 47507829 76562755 1930122 75797207 78407967 78765401 22536530 74189655 43017530 42557919 39001917 20998978 45315176 4802853 15232341 59004876 72765167 99504020 31626429 7494329 9890112 58540022 99051732
92611002 76218567 42850709 42681894 87444945 34507111 21890880 60285858 26898512 17202642 59415293 80285158 88371672 1584357 69418226 72862462 94261714 30490885 89378669 49169937 54246755 61088918 88311318 16628013 23657226 62893599 47507829 76562755 1930122 75797207 78407967 78765401 22536530 74189655 43017530 42557919 39001917 20998978 45315176 4802853 15232341 59004876 72765167 99504020 31626429 7494329 9890112 58540022 99051732 75083043
76218567 42850709 42681894 87444945 34507111 21890880 60285858 26898512 17202642 59415293 80285158 88371672 1584357 69418226 72862462 94261714 30490885 89378669 49169937 54246755 61088918 88311318 16628013 23657226 62893599 47507829 76562755 1930122 75797207 78407967 78765401 22536530 74189655 43017530 42557919 39001917 20998978 45315176 4802853 15232341 59004876 72765167 99504020 31626429 7494329 9890112 58540022 99051732 75083043 92611002
42850709 42681894 87444945 34507111 21890880 60285858 26898512 17202642 59415293 80285158 88371672 1584357 69418226 72862462 94261714 30490885 89378669 49169937 54246755 61088918 88311318 16628013 23657226 62893599 47507829 76562755 1930122 75797207 78407967 78765401 22536530 74189655 43017530 42557919 39001917 20998978 45315176 4802853 15232341 59004876 72765167 99504020 31626429 7494329 9890112 58540022 99051732 75083043 92611002 76218567
42681894 87444945 34507111 21890880 60285858 26898512 17202642 59415293 80285158 88371672 1584357 69418226 72862462 94261714 30490885 89378669 49169937 54246755 61088918 88311318 16628013 23657226 62893599 47507829 76562755 1930122 75797207 78407967 78765401 22536530 74189655 43017530 42557919 39001917 20998978 45315176 4802853 15232341 59004876 72765167 99504020 31626429 7494329 9890112 58540022 99051732 75083043 92611002 76218567 42850709
87444945 34507111 21890880 60285858 26898512 17202642 59415293 80285158 88371672 1584357 69418226 72862462 94261714 30490885 89378669 49169937 54246755 61088918 88311318 16628013 23657226 62893599 47507829 76562755 1930122 75797207 78407967 78765401 22536530 74189655 43017530 42557919 39001917 20998978 45315176 4802853 15232341 59004876 72765167 99504020 31626429 7494329 9890112 58540022 99051732 75083043 92611002 76218567 42850709 42681894
34507111 21890880 60285858 26898512 17202642 59415293 80285158 88371672 1584357 69418226 72862462 94261714 30490885 89378669 49169937 54246755 61088918 88311318 16628013 23657226 62893599 47507829 76562755 1930122 75797207 78407967 78765401 22536530 74189655 43017530 42557919 39001917 20998978 45315176 4802853 15232341 59004876 72765167 99504020 31626429 7494329 9890112 58540022 99051732 75083043 92611002 76218567 42850709 42681894 87444945
21890880 60285858 26898512 17202642 59415293 80285158 88371672 1584357 69418226 72862462 94261714 30490885 89378669 49169937 54246755 61088918 88311318 16628013 23657226 62893599 47507829 76562755 1930122 75797207 78407967 78765401 22536530 74189655 43017530 42557919 39001917 20998978 45315176 4802853 15232341 59004876 72765167 99504020 31626429 7494329 9890112 58540022 99051732 75083043 92611002 76218567 42850709 42681894 87444945 34507111
60285858 26898512 17202642 59415293 80285158 88371672 1584357 69418226 72862462 94261714 30490885 89378669 49169937 54246755 61088918 88311318 16628013 23657226 62893599 47507829 76562755 1930122 75797207 78407967 78765401 22536530 74189655 43017530 42557919 39001917 20998978 45315176 4802853 15232341 59004876 72765167 99504020 31626429 7494329 9890112 58540022 99051732 75083043 92611002 76218567 42850709 42681894 87444945 34507111 21890880
26898512 17202642 59415293 80285158 88371672 1584357 69418226 72862462 94261714 30490885 89378669 49169937 54246755 61088918 88311318 16628013 23657226 62893599 47507829 76562755 1930122 75797207 78407967 78765401 22536530 74189655 43017530 42557919 39001917 20998978 45315176 4802853 15232341 59004876 72765167 99504020 31626429 7494329 9890112 58540022 99051732 75083043 92611002 76218567 42850709 42681894 87444945 34507111 21890880 60285858
17202642 59415293 80285158 88371672 1584357 69418226 72862462 94261714 30490885 89378669 49169937 54246755 61088918 88311318 16628013 23657226 62893599 47507829 76562755 1930122 75797207 78407967 78765401 22536530 74189655 43017530 42557919 39001917 20998978 45315176 4802853 15232341 59004876 72765167 99504020 31626429 7494329 9890112 58540022 99051732 75083043 92611002 76218567 42850709 42681894 87444945 34507111 21890880 60285858 26898512
59415293 80285158 88371672 1584357 69418226 72862462 94261714 30490885 89378669 49169937 54246755 61088918 88311318 16628013 23657226 62893599 47507829 76562755 1930122 75797207 78407967 78765401 22536530 74189655 43017530 42557919 39001917 20998978 45315176 4802853 15232341 59004876 72765167 99504020 31626429 7494329 9890112 58540022 99051732 75083043 92611002 76218567 42850709 42681894 87444945 34507111 21890880 60285858 26898512 17202642
80285158 88371672 1584357 69418226 72862462 94261714 30490885 89378669 49169937 54246755 61088918 88311318 16628013 23657226 62893599 47507829 76562755 1930122 75797207 78407967 78765401 22536530 74189655 43017530 42557919 39001917 20998978 45315176 4802853 15232341 59004876 72765167 99504020 31626429 7494329 9890112 58540022 99051732 75083043 92611002 76218567 42850709 42681894 87444945 34507111 21890880 60285858 26898512 17202642 59415293
88371672 1584357 69418226 72862462 94261714 30490885 89378669 49169937 54246755 61088918 88311318 16628013 23657226 62893599 47507829 76562755 1930122 75797207 78407967 78765401 22536530 74189655 43017530 42557919 39001917 20998978 45315176 4802853 15232341 59004876 72765167 99504020 31626429 7494329 9890112 58540022 99051732 75083043 92611002 76218567 42850709 42681894 87444945 34507111 21890880 60285858 26898512 17202642 59415293 80285158
1584357 69418226 72862462 94261714 30490885 89378669 49169937 54246755 61088918 88311318 16628013 23657226 62893599 47507829 76562755 1930122 75797207 78407967 78765401 22536530 74189655 43017530 42557919 39001917 20998978 45315176 4802853 15232341 59004876 72765167 99504020 31626429 7494329 9890112 58540022 99051732 75083043 92611002 76218567 42850709 42681894 87444945 34507111 21890880 60285858 26898512 17202642 59415293 80285158 88371672
69418226 72862462 94261714 30490885 89378669 49169937 54246755 61088918 88311318 16628013 23657226 62893599 47507829 76562755 1930122 75797207 78407967 78765401 22536530 74189655 43017530 42557919 39001917 20998978 45315176 4802853 15232341 59004876 72765167 99504020 31626429 7494329 9890112 58540022 99051732 75083043 92611002 76218567 42850709 42681894 87444945 34507111 21890880 60285858 26898512 17202642 59415293 80285158 88371672 1584357
72862462 94261714 30490885 89378669 49169937 54246755 61088918 88311318 16628013 23657226 62893599 47507829 76562755 1930122 75797207 78407967 78765401 22536530 74189655 43017530 42557919 39001917 20998978 45315176 4802853 15232341 59004876 72765167 99504020 31626429 7494329 9890112 58540022 99051732 75083043 92611002 76218567 42850709 42681894 87444945 34507111 21890880 60285858 26898512 17202642 59415293 80285158 88371672 1584357 69418226
-1
2388 102 106 434 3283 4848 28 921 3289 4493 2911 554 329 88
9043 106 4848 921 3289 2911 329 11001 334 22001
3494 4493 106 102 28 334 22001
921 3443 22434 102 4848 921 4493 329 334
9439 88 3283 28 11001 921 434 
8548 9493 22121 28 334 22001 
32938 22001 2911 4493 4848 434
494094 102 3443 22434 3289 
49334 28 88 102 106 329 334 434 554 921
459459 11 28 102 106 88
3448 2911 106 921 329 334 22001
11 4493 4848 3289 2911 54383
94395 445 4848 102 106 434 11001
454949 99949
45323 33555 3289 2911 4848 4493 434 554
565656 102 106 434 3283 4848 28 921 3289 4493 2911 554 329 88
-1
