8
186 186 150 200 160 130 197 220
10
130 130 174 130 185 230 206 219 210 173
20
130 140 150 160 170 180 190 200 210 220 221 222 223 224 225 226 227 228 229 230
20
176 164 166 189 178 230 150 134 135 222 162 230 229 151 200 165 157 184 143 176
100
157 165 138 130 141 206 160 164 216 216 145 227 180 147 170 216 154 144 171 230 205 137 169 181 146 133 220 138 175 207 173 155 136 167 144 166 140 191 145 162 214 213 151 200 166 131 221 154 161 229 136 194 215 202 137 202 157 132 166 215 218 230 168 217 131 189 203 131 207 176 172 211 187 158 165 156 179 194 200 145 130 183 174 143 148 218 213 187 204 221 160 169 168 224 163 132 226 135 201 217
100
143 140 220 161 134 154 177 215 210 165 130 152 131 205 211 137 175 160 164 149 182 214 192 144 200 180 217 175 142 161 131 132 208 139 214 212 142 195 154 155 198 139 219 148 223 195 162 197 213 230 160 220 176 145 226 210 135 172 203 197 182 208 189 187 153 171 198 150 171 189 149 151 146 217 227 201 216 138 133 210 224 218 187 204 204 146 148 143 193 149 132 211 227 219 149 168 148 226 178 164
