25
2
4.0 8.0 0.0 -1.0 0.0
4.0 8.0 1.0 -1.0 0.0
1
4.0 4.0 3.0
3
4.0 10.0 0.0 -1.0 0.0
5.0 10.0 3.0 -6.0 4.0
13.0 10.0 -3.0 -5.0 4.0
3
4.0 5.0 3.0
7.0 8.0 4.0
9.0 4.0 4.0
0
0
1
5.0 5.0 0.0 -1.0 0.0
0
1
5.0 5.0 0.0 -1.0 0.0
1
3.5 2.0 2.0
1
5.0 5.0 0.0 -1.0 0.0
1
5.0 2.0 2.0
1
1.0 1.0 0.0 1.0 0.0
0
1
1.0 1.0 0.0 1.0 0.0
1
1.0 3.0 0.0
1
5.0 5.0 1.0 0.0 3.0
1
5.0 5.0 2.0
1
6.0 6.0 1000.0 1000.0 2.0
1
5.0 5.0 1.0
6
0.25 25.0 0.0 -1000.0 2.0
0.25 25.0 50.0 -1000.0 2.0
0.75 25.0 -50.0 -1000.0 2.0
0.25 25.0 1000.0 0.0 2.0
0.5 20.0 1000.0 0.0 2.0
0.25 15.0 1000.0 0.0 2.0
4
0.25 25.0 0.03
0.5 20.0 0.03
0.25 15.0 0.03
0.5 10.0 1.0
6
0.25 25.0 0.0 -1000.0 2.0
0.25 25.0 50.0 -1000.0 2.0
0.75 25.0 -50.0 -1000.0 2.0
0.25 25.0 1000.0 0.0 2.0
0.5 20.0 1000.0 0.0 2.0
0.25 15.0 1000.0 0.0 2.0
7
0.25 25.0 0.03
0.5 20.0 0.03
0.25 15.0 0.03
0.5 10.0 1.0
5.0 25.0 1.0
5.0 20.0 1.0
5.0 15.0 1.0
1
5.0 5.0 -1.0 -1.0 0.0
20
2.0 2.0 2.0
2.0 2.0 2.0
2.0 2.0 2.0
2.0 2.0 2.0
2.0 2.0 2.0
2.0 2.0 2.0
2.0 2.0 2.0
2.0 2.0 2.0
2.0 2.0 2.0
2.0 2.0 2.0
2.0 2.0 2.0
2.0 2.0 2.0
2.0 2.0 2.0
2.0 2.0 2.0
2.0 2.0 2.0
2.0 2.0 2.0
2.0 2.0 2.0
2.0 2.0 2.0
2.0 2.0 2.0
2.0 2.0 2.0
20
1.0 5.0 0.0 -1.0 0.0
2.0 5.0 0.0 -1.0 0.0
3.0 5.0 0.0 -1.0 0.0
4.0 5.0 0.0 -1.0 0.0
5.0 5.0 0.0 -1.0 0.0
6.0 5.0 0.0 -1.0 0.0
7.0 5.0 0.0 -1.0 0.0
8.0 5.0 0.0 -1.0 0.0
9.0 5.0 0.0 -1.0 0.0
10.0 5.0 0.0 -1.0 0.0
11.0 5.0 0.0 -1.0 0.0
12.0 5.0 0.0 -1.0 0.0
13.0 5.0 0.0 -1.0 0.0
14.0 5.0 0.0 -1.0 0.0
15.0 5.0 0.0 -1.0 0.0
16.0 5.0 0.0 -1.0 0.0
17.0 5.0 0.0 -1.0 0.0
18.0 5.0 0.0 -1.0 0.0
19.0 5.0 0.0 -1.0 0.0
20.0 5.0 0.0 -1.0 0.0
20
30.0 5.0 0.0
31.0 5.0 0.0
32.0 5.0 0.0
33.0 5.0 0.0
34.0 5.0 0.0
35.0 5.0 0.0
36.0 5.0 0.0
37.0 5.0 0.0
38.0 5.0 0.0
39.0 5.0 0.0
40.0 5.0 0.0
41.0 5.0 0.0
42.0 5.0 0.0
43.0 5.0 0.0
44.0 5.0 0.0
45.0 5.0 0.0
46.0 5.0 0.0
47.0 5.0 0.0
48.0 5.0 0.0
49.0 5.0 0.0
19
-18.0 20.0 18.0 -10.0 1.0
-16.0 20.0 16.0 -10.0 1.0
-14.0 20.0 14.0 -10.0 1.0
-12.0 20.0 12.0 -10.0 1.0
-10.0 20.0 10.0 -10.0 1.0
-8.0 20.0 8.0 -10.0 1.0
-6.0 20.0 6.0 -10.0 1.0
-4.0 20.0 4.0 -10.0 1.0
-2.0 20.0 2.0 -10.0 1.0
0.0 20.0 0.0 -10.0 1.0
2.0 20.0 -2.0 -10.0 1.0
4.0 20.0 -4.0 -10.0 1.0
6.0 20.0 -6.0 -10.0 1.0
8.0 20.0 -8.0 -10.0 1.0
10.0 20.0 -10.0 -10.0 1.0
12.0 20.0 -12.0 -10.0 1.0
14.0 20.0 -14.0 -10.0 1.0
16.0 20.0 -16.0 -10.0 1.0
18.0 20.0 -18.0 -10.0 1.0
20
-18.0 20.0 0.0
-16.0 20.0 0.0
-14.0 20.0 0.0
-12.0 20.0 0.0
-10.0 20.0 0.0
-8.0 20.0 0.0
-6.0 20.0 0.0
-4.0 20.0 0.0
-2.0 20.0 0.0
0.0 20.0 0.0
2.0 20.0 0.0
4.0 20.0 0.0
6.0 20.0 0.0
8.0 20.0 0.0
10.0 20.0 0.0
12.0 20.0 0.0
14.0 20.0 0.0
16.0 20.0 0.0
18.0 20.0 0.0
0.0 10.0 1.0
20
0.25 25.0 0.0 -1000.0 2.0
0.25 25.0 50.0 -1000.0 2.0
0.75 25.0 -50.0 -1000.0 2.0
0.25 25.0 1000.0 0.0 2.0
0.5 20.0 1000.0 0.0 2.0
0.25 15.0 1000.0 0.0 2.0
-6.8624463321482683 3.4661128223364357 -3.2422231927697958 1.5706330821073511 1.1882281826303904
9.4951537519574067 14.25815518610521 9.6494682003460426 8.4198017603587907 1.6592968879059371
-1.2038021809092658 19.407819286765292 -2.9733365317303644 5.4911985603878897 4.5988563222945178
-9.1074607964102068 3.4320873219104531 5.5327311624894193 1.5444739859384136 3.3437826882393615
6.610481119098452 3.5153436060062959 3.6286712985023524 1.882906647138114 2.2082616263209278
5.226193586661914 2.8076821706589317 -2.4581132249716653 7.0304293925449173 1.8889141477887939
-4.5464601975389591 5.5402501483124205 2.3735212567925075 4.8936323703799118 3.5817071495406068
4.0748559224402037 10.864784155696777 2.313473464306357 3.5926620060085348 0.13080930766469212
-9.8153852156915882 2.4837986347997365 8.1804543161460224 8.162311580038768 2.0040374005378525
-2.1266744914162299 1.1745939050471388 2.4190233447344252 5.2797449696641543 3.7467369860671367
2.5768424025826633 0.82048109856708962 -2.4977423069492737 9.3310241038231325 4.0405976813686646
-9.2992664079294656 16.268758559280677 -3.2767343899197705 4.6367049696196219 4.5540702069464372
-8.2186873133158223 12.865122423704348 -8.532150210730979 6.4819810824368282 2.3482377310147271
1.2569087374260857 17.526325976625451 6.6539968300683299 9.6555855577746073 1.2031580091502203
20
0.25 25.0 0.03
0.5 20.0 0.03
0.25 15.0 0.03
0.5 10.0 1.0
5.0 25.0 1.0
5.0 20.0 1.0
5.0 15.0 1.0
-3.4107007578267989 7.2021518640026834 2.6538431900888027
-5.5352605046605063 8.5789243870322451 2.4988691393409268
6.7693992698365975 4.3661450594566134 1.4153475284013615
6.6947143783058252 7.0416365784950443 1.484037950937096
-0.93218818811372728 13.152341064786613 3.2390954390282372
5.9669274745106939 18.881131149851257 3.2469085535400994
-3.69524408212063 5.2015918326023707 3.8644048631499204
-7.6280977092423914 3.3087668949400353 2.8770953028296393
-5.2174423012875 12.799778618347986 3.147117877232839
9.9632551979746218 16.86780221677752 0.67622766772269571
-9.8819157158643769 10.832788735404691 0.44223445923758886
4.5090235090211905 10.476052507003775 2.8174144702860753
7.9306663784684304 16.319166967842605 2.0835434620990982
20
0.25 25.0 0.0 -1000.0 2.0
0.25 25.0 50.0 -1000.0 2.0
0.75 25.0 -50.0 -1000.0 2.0
0.25 25.0 1000.0 0.0 2.0
0.5 20.0 1000.0 0.0 2.0
0.25 15.0 1000.0 0.0 2.0
-3.0200661095052102 2.6975778658224736 -8.8668748346890336 5.7796175057608128 1.008812224519442
5.9655802098142026 8.697156646169276 1.1625764134520473 5.9337858502428915 2.7768920475350938
6.047989669504755 4.499405365005309 -8.2053436583231143 3.2030006619358353 1.146039178856066
2.6998546593497803 3.6143564073732826 -5.4618644223298833 2.6167549281370661 0.23854513623604523
-7.6482778949611063 8.707409655086888 -4.4403049154807928 0.16234937048840692 1.12477985166946
-6.9327303910438314 1.0792376669043646 1.7950608362159564 9.7521612052716833 1.8913541413603681
0.81865177812064971 18.959703708312695 -4.8010887610439141 1.8290693981477091 0.077595322799379196
-3.6122282030082271 12.523494637524921 4.6015528587169179 3.9638470805107158 2.1463133476053304
-5.0698287000856679 8.7552600067611586 2.6668156882697893 6.7655343226125702 0.032819992567510448
3.5900187429329815 5.0591739415161623 4.7252471330719636 5.6230117182084367 3.4436135116055571
0.76680333280519086 16.721020924309066 -7.1086485431815216 0.053892611557822434 0.6383664024555108
-6.1207395888191147 15.22087775649357 9.9898107640975233 2.5410980775355938 1.4507189707579378
2.6366811532396106 10.093816184601563 1.6579345207001861 2.6150505378091928 1.2664103726689731
-2.2880601730685468 0.69527824099689939 2.6781422696320014 7.2119996229125363 3.0099559052483409
20
0.25 25.0 0.03
0.5 20.0 0.03
0.25 15.0 0.03
0.5 10.0 1.0
5.0 25.0 1.0
5.0 20.0 1.0
5.0 15.0 1.0
9.9235466970301047 16.20824847418924 1.6445783719099767
3.3291781211840483 7.9951134992678128 1.6503493120435881
-1.1307763797343977 11.595220926879493 0.22025773839765206
5.6219553850694162 2.7349474787388619 3.9449628355914692
-9.7906493827601349 10.419311455898141 0.26183435686821444
3.3339632409992799 19.843304079019831 1.0759984521360324
4.0509580163850085 11.422494674066634 3.1372588872523206
6.4480215052135357 17.330218584162676 1.6168850768018315
-2.5299029982528971 2.3653135030598182 0.31076184357506964
4.4254558805346313 13.762319198168354 3.1456334887027633
-0.651374237095796 15.477709097843567 0.83866954632424529
6.4477024159794318 9.6067658825201363 2.8333314001556489
1.6607593481101155 2.4452703086418901 1.4031810358598462
20
0.25 25.0 0.0 -1000.0 2.0
0.25 25.0 50.0 -1000.0 2.0
0.75 25.0 -50.0 -1000.0 2.0
0.25 25.0 1000.0 0.0 2.0
0.5 20.0 1000.0 0.0 2.0
0.25 15.0 1000.0 0.0 2.0
-1.4361839438827584 15.61759927812405 -2.8123776377822951 1.2446868284486268 4.4822294245361611
9.6655659911969067 5.629743728675491 -1.2875688672300534 6.8795426570870895 1.4996999867645027
-2.5244831472267197 17.98818020221383 3.3522891157007013 9.0216299144807763 1.8522428591668576
2.4962348193522388 5.0641834306019256 4.5776568620618896 0.14765065215557271 4.6997102808320363
2.1978678761727899 12.740384522375436 -3.6197847064981881 0.46981003238628105 1.1434524315067147
8.4352352613558992 16.721480067649345 -3.8089504582150591 1.3835765886800822 4.30611582145377
-7.6454513585394457 11.695271894088481 -9.8808091476502451 5.0770523329187718 2.4445344865169103
-4.8913731753432943 10.879491377328744 8.7690744677376635 1.1289611290560515 3.2789472768842405
6.5016993253301933 9.6968880417529757 -9.7452115851726901 3.5033985853099843 0.19480901562255459
-6.7473047145933069 8.8115581789211124 2.3971564596739157 0.71446101527859618 0.92311918219519673
-7.5835810006256432 9.2844052725581605 -0.78253221665190331 0.97803430656338364 3.220962667988319
5.0866272026859285 17.994948858052762 -8.9034668324410671 1.0685830296900729 2.7185219323214245
-7.8054563199762317 13.922999436695491 9.1124267603155111 6.740483612821933 1.7201166674407486
-5.6523770138179792 15.973077866335002 -0.5022380409674092 7.0850281666632888 1.8745606770465479
20
0.25 25.0 0.03
0.5 20.0 0.03
0.25 15.0 0.03
0.5 10.0 1.0
5.0 25.0 1.0
5.0 20.0 1.0
5.0 15.0 1.0
5.4825242030826349 5.1067165130561225 3.6681910816262739
-4.9596603309776128 16.569181102321224 1.2803447200125122
-1.0525986134642942 8.2388374647663962 1.7489839310923307
-2.8150010266768088 5.984693002959272 1.7543184632932247
6.7497672514022824 10.459830869215715 3.5716470845708299
3.0600054711388864 1.5665803735862054 2.9022961482106107
-9.8430214053981011 12.626803992694599 2.2156279868457234
-1.6740916845824572 8.6248099740468103 1.7922344951818832
-8.1105860108119323 18.052953897701194 0.41022861717790438
-4.6309865916328441 10.487983697848168 2.9858291164484898
8.1394419892131395 2.8880822233745818 2.3257861215641245
-1.963537180362243 4.8221503288412961 0.49078725890259989
1.1889514071755372 10.861052624534873 3.978748499247422
20
0.25 25.0 0.0 -1000.0 2.0
0.25 25.0 50.0 -1000.0 2.0
0.75 25.0 -50.0 -1000.0 2.0
0.25 25.0 1000.0 0.0 2.0
0.5 20.0 1000.0 0.0 2.0
0.25 15.0 1000.0 0.0 2.0
6.5513279450459372 18.983524384072204 -6.7434566600114776 2.3099431882834303 4.4376996360175882
-1.8359206650152444 13.756993878978594 -9.8947869502677435 2.0781378020916179 3.4433939424543119
2.5927991837373003 15.938896368341481 5.9322909702124669 4.7776143699890365 3.1223011026022238
3.6989514144552977 15.874339341885149 2.3105544225133272 9.0278957806333686 0.18477058371088873
3.8131466132521989 3.4253975793594305 5.6246688004425849 3.5460898562138592 0.32046956863767684
4.7141281451585719 14.87362103350819 9.6498407288604398 3.7496005547133109 4.0659930618783067
0.82225599460334031 12.260320766365147 -3.0107427835170908 1.5418699852620321 3.4172068233521813
-1.7801171503537461 0.027210347806776447 -8.1324257266508244 3.4435426291637068 0.083703476510887387
-6.9062421415759339 12.165160860426321 -1.0071964405322458 9.2787945455949412 0.95597201934082332
4.6661575796277166 4.6505025061291638 9.4907318252539881 9.8952926182510197 2.4400669981498773
6.0048605196206815 6.608973876348772 -7.4245440234660354 8.1967313664365165 1.2267494738648672
-1.1144685957124594 15.649552647617753 -9.6113397827066045 5.7525147681381981 2.1258738053893382
9.374421321860293 7.900769253681168 -4.5190088323067856 3.28731396091273 3.3365733484272138
-6.3577570754826285 9.6985698292089957 -3.4534884831960166 4.1466152211423779 2.0352853678331262
20
0.25 25.0 0.03
0.5 20.0 0.03
0.25 15.0 0.03
0.5 10.0 1.0
5.0 25.0 1.0
5.0 20.0 1.0
5.0 15.0 1.0
-8.1846347451690669 14.637314863710685 1.9918164625217738
1.5484364923209455 9.3304299891914511 2.6748714008888368
-1.5073778057067102 14.610981431813494 3.4858316503915892
9.3315512467592576 13.337466595491197 1.6191928942820009
-8.9733939929866935 11.54933585282126 2.1625784730058411
6.3590484464500818 17.906002409027352 1.5413520417619933
-1.7972073524170256 6.4193412061537112 3.182016123952101
-1.5459732377805153 12.220931299023066 0.28483425089555103
6.3225631998296663 6.0192345128335996 0.72837682786413938
0.097986816212431549 9.2466514157722042 0.12117604154326944
-2.3301722736838766 2.2772585612866445 3.1620433595004096
3.6369182020421515 19.501515153908585 2.1037731600078113
-9.3486384637366964 13.651899319417327 3.8560499825585182
20
0.25 25.0 0.0 -1000.0 2.0
0.25 25.0 50.0 -1000.0 2.0
0.75 25.0 -50.0 -1000.0 2.0
0.25 25.0 1000.0 0.0 2.0
0.5 20.0 1000.0 0.0 2.0
0.25 15.0 1000.0 0.0 2.0
1.4387189251211083 6.3176764551614966 -2.526181401695422 3.8657157643987272 2.2694218521748164
-5.8413153535147666 4.4005069740781604 -1.0809783839160048 0.089840628155368307 4.9685557527868616
6.8658709257478314 12.557114466652967 8.7103460240818578 6.1353649535392059 2.7522901821675454
2.3469468645581166 9.608231469504517 4.7904146315922489 5.2202018413347524 3.655843461657216
-5.2007266855973766 10.372522285943768 8.3896490000983022 9.2728856957754395 1.4989443695613232
3.0625216379357045 3.3869501405468316 2.4078496747312617 7.2846909649539846 0.88732522452592832
-2.5881316027895096 10.091951991737069 -1.462302241338076 4.4305216650045249 1.1832427771673388
1.1254145585898527 3.5628838371646387 5.4177859244422883 4.1166772208993603 1.8529139731358135
-3.6256650655474454 13.443475463475838 8.3018681445153177 8.3117867180716267 4.5509899086999273
-6.6857372190080326 15.690075383131276 2.2198863127239967 3.5026107883029738 3.3652212863337945
9.6250570979839765 3.259255341300531 -1.5906284701004481 6.0147031070366843 2.3860152961461081
8.0237513040402249 14.618296349848865 -9.8604085957175727 9.5968770090631423 2.7174284139344405
-1.9870750502304126 15.022343990469748 -8.9082347255518712 8.0486477506832337 0.93737140665713037
5.0901826616673613 1.3984165564194995 8.7155790259988528 4.398154648128294 2.1796474004109028
20
0.25 25.0 0.03
0.5 20.0 0.03
0.25 15.0 0.03
0.5 10.0 1.0
5.0 25.0 1.0
5.0 20.0 1.0
5.0 15.0 1.0
-1.6824489905840068 6.8086924962899449 2.442275553444933
8.2022775393008374 8.6083972572829062 1.5906970040793666
4.502952080338007 10.582464901979538 0.94408360631269694
1.2294502891479002 17.690385845555152 3.046130910771303
-8.494235172163096 14.935467112139932 3.8122576135578874
2.9499656911241523 7.8407378674358279 0.51688296060431682
7.614219404525727 3.7777222933163284 1.4190621057594877
-9.8936082661553399 18.199292491851427 1.6287557658873233
8.3603034897488797 15.879101139178537 3.6352240947760861
-4.1618808461429646 7.3546489625280742 3.1604702587064502
1.2087220267814374 9.9789000954496956 0.54216827692680836
-2.9093821851292478 19.020535094770551 3.0163062986745706
7.3141443769251033 13.595223018581235 1.6413821610523498
20
0.25 25.0 0.0 -1000.0 2.0
0.25 25.0 50.0 -1000.0 2.0
0.75 25.0 -50.0 -1000.0 2.0
0.25 25.0 1000.0 0.0 2.0
0.5 20.0 1000.0 0.0 2.0
0.25 15.0 1000.0 0.0 2.0
-3.7506140484549881 18.148517092609264 7.1590757558702052 4.3220599649664599 2.6388575699822914
-0.096885537666890897 2.9562420922789823 5.4743370179085247 3.8091462384180552 0.85989460941007123
-1.6545749082456833 16.763441649541065 4.2741662392462114 0.10964737105878086 4.1144401052250483
-3.245198114606211 11.767053466670625 -2.9945329674109322 7.6275338193374758 0.42163963131274795
-4.6156610070536992 2.6847540548133897 -4.6966149305640421 3.6244280371622377 3.7040958370056067
4.2169185048848394 6.9980727475566855 -3.4517260332164028 7.6228048151971386 2.7090596880372297
0.064859850165781552 1.455980731640456 -8.2312084480899976 3.3913339206660496 1.8369429969357816
5.5943291723417783 15.93963670100676 7.6493179010436059 9.2279601369214745 1.7471441539841686
-0.39198453507385445 19.946841846540629 6.6970633840575182 3.4275969973557778 4.9089725820057808
-6.3554750671702376 17.081811809048478 -8.6890911576710863 2.4876722758848722 3.4007209946019872
2.9356567279039592 7.6640462200066795 9.8510703515052356 8.1640342437656557 2.0368863142802041
-3.5477863126599818 8.7304723597062424 -0.91752767780405797 0.38562807279295619 1.0018854627719849
0.21124706207619148 7.2869062222828784 4.6294613215501599 4.8378095256009459 1.7970386476536926
3.3040964083522795 12.778157909784639 3.7533255622116855 1.0714419215951594 2.2889602226799797
20
0.25 25.0 0.03
0.5 20.0 0.03
0.25 15.0 0.03
0.5 10.0 1.0
5.0 25.0 1.0
5.0 20.0 1.0
5.0 15.0 1.0
2.5262314308823992 12.546136429153897 3.0499825763148904
-1.0782088821888678 7.844488268862464 0.80661310179107737
-7.2058661428768644 6.4347178450015381 1.690396552126515
-8.8008115328543823 6.8670882244582474 2.0589430487669973
-7.9733212257370596 16.581788566622553 1.4256746529306792
-1.9061573925387272 14.811456805547385 0.60525307415321983
-7.7414176894173607 15.466769449093052 2.5687157888067471
7.2628707448749878 18.178152544792002 0.52136902277172759
-6.4201972320827894 11.614683005587571 1.7433844104938681
7.2452036105808411 4.7137818067334774 1.6923834093306689
1.5164627635766372 10.716628793850802 1.7593257360226571
-1.7568153776338935 10.520506267528388 1.8292524803382815
-4.5657505817597404 13.589307817847741 3.6770521227712147
20
0.25 25.0 0.0 -1000.0 2.0
0.25 25.0 50.0 -1000.0 2.0
0.75 25.0 -50.0 -1000.0 2.0
0.25 25.0 1000.0 0.0 2.0
0.5 20.0 1000.0 0.0 2.0
0.25 15.0 1000.0 0.0 2.0
-1.6713856411728756 18.995253099613805 -1.6353356219520609 7.0363952215458028 2.1777664602319469
3.5219758221431512 8.8093840792884102 4.2157053922020431 7.785309255470068 1.7235836006479899
3.6429273482713658 1.8272831185779448 0.7826313904993647 2.056301555992075 0.77603414067432319
-6.9500585480459032 14.849699037338757 -3.2205481030624235 9.2286363149638646 4.4827502377105146
6.7678506283422379 2.5336184598296096 -7.0154643785327764 4.0484680733545488 0.48643628024807484
5.8441635204851146 19.298003507104994 3.4393861833934523 0.060078925304640762 0.32782157011448043
8.1240954511550498 3.2121404107579887 -1.6818680891600231 1.9211286821234204 2.9688482643304948
9.4468265833622631 11.477528492382653 -9.5598735831777031 0.38269636132536178 2.2356305412749222
9.0719873303064986 18.026363783090048 -9.903641442483277 4.400718851141205 2.9375248919939798
0.30120588975393225 4.276270534746935 5.0534401188526452 7.5577163155329252 4.8883224380369947
-6.122495939628676 15.925824495623946 -6.9289021922006118 2.0330617851129933 3.8706923768309349
-2.0458399273588679 17.677291564671663 -9.3965209735596193 3.9198996711313949 1.2574519016073586
3.4239822209787274 19.071170766187443 9.5900898712888178 3.9622057614397654 4.8096595767330932
2.9210028766458009 12.663985436983653 7.5006796893934506 4.000986914957231 1.2694330893013916
20
0.25 25.0 0.03
0.5 20.0 0.03
0.25 15.0 0.03
0.5 10.0 1.0
5.0 25.0 1.0
5.0 20.0 1.0
5.0 15.0 1.0
9.2511873888256062 4.6731547915412337 1.2475333448154946
-1.6823418208290448 5.0358587219779407 3.7550381406182871
5.0651081992159526 12.912109770537965 3.9833856333437541
2.6340104612602175 7.568923311871969 0.046699061539276165
-5.3976200137072201 11.490533451507 0.58277379384906558
-5.4089307754084004 14.913177126523102 2.8679164078294739
3.2239687033897937 17.751820935010599 3.3709306553471881
-8.7518986408840256 6.8607974282028392 0.061746837299731183
-9.2847378982819055 9.0018357518416074 0.60328280868594364
6.9607545931587147 15.545031098977022 2.1729714586433442
2.8617860655102039 15.077925728036909 3.49796467724991
6.1540787106296015 3.9137509166433597 1.0239949203723082
6.8965758470457708 10.434559817263374 1.8932959617689136
20
0.25 25.0 0.0 -1000.0 2.0
0.25 25.0 50.0 -1000.0 2.0
0.75 25.0 -50.0 -1000.0 2.0
0.25 25.0 1000.0 0.0 2.0
0.5 20.0 1000.0 0.0 2.0
0.25 15.0 1000.0 0.0 2.0
-8.3421581769245829 4.8679120492742562 2.5550791752308495 0.97174365814879238 2.1053072822813075
-5.0474164435027502 6.6447120253064273 -3.234087024075329 7.3698860684216676 3.7357563353129164
-6.862532916937905 13.807702798385685 9.2268840209249063 0.42666685648720915 2.4467199688017081
-6.6356847524251066 16.992807739525492 6.9120170226585458 2.8396039992183084 4.918731329471929
-4.7604681836841367 0.082157442988097795 5.2909287769060853 4.4951336963511181 4.1236647534794999
8.3617692873845719 10.678369068876787 5.7579371056305444 8.0475512446011201 3.9318762576022106
-1.2088176469542056 3.5534679389712442 -1.8673247659031631 4.4586596288869718 0.20580895433300939
9.6850598739881839 19.005513890899902 -3.8623286328490085 5.0821672417939681 4.2731092534137343
-3.6327156174055837 7.3753248771603115 2.5089045051706762 7.4160070451871114 2.364894200880379
0.56388965944426772 0.32887500822791349 -4.8131142786322334 9.6363306295179569 3.84466248849527
-9.5979966854556071 9.3044493356643407 8.2201495213641422 9.7431734928384337 2.7048976308882593
4.9751762170896221 13.889624092238133 6.2865572766799431 6.958598938926766 4.699638229868194
-7.6409905262824651 17.169039309488284 -5.4189537941802683 7.1733561858613264 4.5830064247928686
-1.1462507025750881 12.211850278383196 -2.852277875397224 5.2781246233025456 1.6848008831672896
20
0.25 25.0 0.03
0.5 20.0 0.03
0.25 15.0 0.03
0.5 10.0 1.0
5.0 25.0 1.0
5.0 20.0 1.0
5.0 15.0 1.0
-7.0954170080535794 4.6393718957668444 2.8137112287768238
-9.8336822827067287 18.97661091862615 1.032647882568468
-1.5808704308736043 8.8337026932310287 0.31105398449012611
-1.2672696303621329 13.955977402150676 0.84129306313364127
-0.36295756006167856 4.06843670684367 3.2162154374266856
1.6133299127694158 11.803299743506976 2.2443177192059824
-0.47876691761074852 9.6654676724789077 2.9278578349297697
-8.0596419096320666 2.2396146205784291 2.4730026698402283
8.2976593990173946 12.618638191909172 1.1206681312876965
1.4593507057231427 15.474942259390451 3.5660136855528579
7.7354836398612257 14.325099335383852 2.4205308721539622
-9.2647923981544125 8.3248254842331733 0.88094964217362426
3.117491627602158 7.5111150318568507 1.9995443267129529
20
0.25 25.0 0.0 -1000.0 2.0
0.25 25.0 50.0 -1000.0 2.0
0.75 25.0 -50.0 -1000.0 2.0
0.25 25.0 1000.0 0.0 2.0
0.5 20.0 1000.0 0.0 2.0
0.25 15.0 1000.0 0.0 2.0
-0.35989047696676835 9.2751266147677711 -1.0776171371551317 1.5435118982798421 2.7077494186906459
8.8532117189402655 17.688332410760999 9.1004098921178063 0.3320295744082884 3.2648612995872544
-4.3587832591770255 7.4003516116246644 5.8352692012971517 6.4061208372130132 2.4392556966962147
-2.8897313046565039 11.812522775374248 -7.8972380640350188 3.7527038347630626 3.6822206977135035
9.8483324635507898 7.0557061410304112 -9.4333908756244078 5.3942283705138028 3.2799804519244984
4.3947563366658944 5.1889319752987451 -9.8179243403507641 6.9406374091997804 4.6752137468870973
9.9026376081826939 3.0467990486478946 6.8861937031160139 9.1433449059057601 1.8557713248648429
6.3053998130801752 3.6608253295580373 1.2887478105959715 6.1381770039687034 3.1563479642255365
-2.315461178386955 1.3453750373153683 -8.5300278452168641 7.9206733898709736 2.5280209514312384
-6.43805122726405 6.7629786982359219 -7.1879128063684234 7.6882093666098221 4.5350018160008805
9.1863480909381536 14.560993560241213 4.1740346585910633 4.2363871678043612 4.6205454541554829
7.2093568635168417 6.6336053429425128 9.5958059005911167 6.7696495568791093 3.5429589591689874
-7.9570632949369706 8.4577607540797537 3.9620286122347501 4.6282962333103299 0.72961283290537138
8.6540019425932044 7.1192763158058492 8.6831727136438666 3.7155382737651586 1.4371480962059109
20
0.25 25.0 0.03
0.5 20.0 0.03
0.25 15.0 0.03
0.5 10.0 1.0
5.0 25.0 1.0
5.0 20.0 1.0
5.0 15.0 1.0
-0.043241396081306505 18.284492064459634 1.6259747647719736
-6.5205966567790163 15.098811378539597 2.3004963565953678
5.1248804431986592 14.716479222324786 3.9031879804271092
-5.6004685419945339 18.70717497687469 1.7212324564912453
0.16865520078657781 10.240564978876384 3.8060977782970897
9.7636647677045332 2.2954149953979366 2.5602679831541746
-8.0719871112313761 15.440153788389736 1.1435626979997191
-7.9812185339869117 14.768187782417241 2.1298139457884062
-3.0688879315595807 19.037181857684583 0.95029153703986635
6.4738628367791264 5.9867182047652623 1.1050496869990183
-7.8743539175158039 19.015456845101156 0.11629287439927705
2.7790546280423456 10.840701504298529 0.54133722143983753
6.8025874787804526 17.050399541332684 2.4837284452990462
20
0.25 25.0 0.0 -1000.0 2.0
0.25 25.0 50.0 -1000.0 2.0
0.75 25.0 -50.0 -1000.0 2.0
0.25 25.0 1000.0 0.0 2.0
0.5 20.0 1000.0 0.0 2.0
0.25 15.0 1000.0 0.0 2.0
-6.7622716901931508 7.3984984939441167 -8.1796639271010125 7.0339322516904481 0.78632391921701017
2.1958271949525621 9.7968905779206636 7.7284128361670454 4.2394391262361353 1.0842306666627839
-4.578064212704942 3.0984118952042894 -2.6942661084115453 4.9288735838250908 2.9873492255061045
8.2749050905915524 2.0572527870398938 2.5492447791881148 9.4737567428506786 2.085229769756292
4.8508604119600172 6.0324635646611835 9.5685955451174856 0.98474421768241882 1.1997832348743427
-6.0161866054918605 11.620085990209017 -1.7806348662152072 2.69326307152091 4.3206722051252493
-6.3424524104738893 1.1582214253814893 1.7374433684346933 9.9050592290205977 4.4386370625134184
7.9793684251199828 0.25379019084081467 4.1959434593117599 3.1141962704502504 0.29383213006606124
-7.2701630800326651 11.645869088582423 -3.8351029309880609 7.7912868917041322 2.4399986683198844
-0.87882666524117958 19.067124156299723 -4.0587631883548774 9.6501121181218359 1.4486284542969363
3.8949565567333355 3.3887344269086328 -0.46874986767497617 2.0884209743700506 2.6005381175216638
-5.3814244754671208 16.626565962200083 7.8370385785565162 9.1636656624411401 0.20470479802281782
5.2427771202933897 19.702692824911331 -3.1722053517805442 0.97653351315007519 3.6299305226464815
-7.8418947449867904 10.980358196166859 -1.6517167645145303 1.5958670347041739 4.6894445217141767
20
0.25 25.0 0.03
0.5 20.0 0.03
0.25 15.0 0.03
0.5 10.0 1.0
5.0 25.0 1.0
5.0 20.0 1.0
5.0 15.0 1.0
-6.2926073192897274 8.0107014481170697 3.0739077111655631
0.11186600053459728 15.331830449043217 3.6621212446107281
3.1937586772587316 6.5840541822679768 2.8169469127370399
4.4329374456834163 10.377977274755219 1.1550296169643528
2.3131060880090271 3.8296613591289752 1.6419331571909628
1.1943441744499577 16.23590689106053 3.3091187731916372
8.1160118771906475 13.750413135413677 0.24864888318899769
-6.8337127622633194 5.0388038638536496 0.39712831713474506
8.206292111614168 17.440282727083417 2.4002432290807079
6.9157262073887757 17.035349090015458 3.5073104934088253
5.4382588841735302 6.2257438246577586 2.6328376016544928
4.00986780340628 12.398689974099657 1.2196881802951558
0.77640340135342534 7.9291009345932029 3.2374613452129175
