45 68 70 57 23
95 51 93 32 45
41 92 11 14 63
12 67 50 98 81
19 76 26 70 21

27 47 96 70 68
40 45 94 61 35
44 86 82 90 92
44 49 99 90 93
87 21 14 48 74

25 37 85 15 72
98 63 25 40 27
22 23 48 82 12
11 13 37 24 10
82 40 78 36 10

89 97 35 13 90
18 55 44 63 59
58 21 18 55 74
21 44 52 98 45
69 19 13 56 86

99 38 11 46 29
90 99 88 17 83
29 97 14 24 72
81 37 94 88 26
61 53 26 67 34

12 25 26 91 69 22
92 93 72 68 30 38
56 55 36 69 48 58
16 83 43 21 78 60
67 66 14 23 59 79
78 87 24 67 73 96

26 50 55 59 72 46
83 99 18 45 86 88
93 35 12 30 75 24
39 54 26 57 94 63
65 62 14 65 59 73
95 48 79 50 26 60

65 72 33 79 66 14
79 52 31 69 29 57
59 63 48 85 32 24
41 69 91 26 87 76
73 94 87 25 81 90
43 75 25 25 27 64

52 60 89 92 21 48
75 35 69 96 20 70
23 77 30 78 15 67
73 74 32 83 93 89
73 46 90 55 89 10
55 59 92 63 78 57

87 56 23 20 76 75
49 95 67 18 61 25
91 49 20 52 39 88
95 77 41 65 86 33
78 86 35 22 71 28
71 89 95 87 17 51

98 13 52 93 23 57 73
23 74 85 82 10 44 39
50 64 44 77 73 59 94
90 55 18 29 86 47 85
54 13 19 42 60 68 63
83 79 10 88 86 21 81
59 37 54 92 48 24 69

44 68 19 45 79 60 29
64 47 69 72 43 88 83
40 29 52 44 12 41 17
24 92 11 70 66 69 68
80 44 47 17 55 79 83
19 12 68 32 87 42 48
41 16 45 91 63 75 62

32 56 32 81 73 49 26
65 56 11 54 77 74 23
58 22 13 40 61 72 44
63 58 52 30 13 98 65
28 39 75 12 43 73 55
53 50 92 26 62 59 84
31 61 83 79 26 85 39

46 17 55 97 45 34 19
63 15 72 78 73 47 25
24 19 33 11 67 69 30
62 48 76 45 93 40 88
22 33 88 84 25 57 31
10 87 19 72 25 49 24
70 65 20 76 71 10 80

28 32 96 87 70 31 37
66 79 56 65 59 38 63
77 54 54 33 94 35 99
20 78 89 86 13 97 92
15 81 97 24 65 78 60
48 96 47 79 34 73 13
39 45 31 78 14 60 55

12 35 29 59 63 35 62 42
99 61 74 64 81 42 11 37
43 28 71 12 37 90 71 19
31 32 33 98 99 75 70 55
86 58 24 67 90 51 38 56
35 48 87 46 18 88 40 17
33 36 75 63 43 30 96 57
70 51 88 71 35 78 53 40

17 69 76 26 87 80 42 34
10 14 15 22 87 40 80 63
81 38 78 12 44 27 21 64
44 40 48 75 95 20 15 34
98 19 69 81 69 75 45 18
98 76 10 14 45 88 52 26
43 22 17 24 67 34 28 72
58 20 60 59 15 93 92 36

43 32 29 39 31 79 58 28
38 74 89 91 36 72 57 66
77 48 91 19 83 11 88 71
16 18 92 99 47 99 22 32
65 61 18 93 52 53 35 13
76 87 52 86 10 65 56 57
43 28 65 74 98 65 44 23
35 31 80 14 11 27 75 14

94 99 31 37 22 24 77 32
27 33 92 24 37 87 98 98
15 22 22 40 17 78 42 70
19 66 82 18 44 78 12 37
17 96 54 78 87 22 35 20
29 48 27 92 91 97 16 74
25 19 57 76 28 81 70 56
75 30 67 62 51 26 38 98

75 48 21 12 64 66 13 51
71 21 20 33 14 85 22 84
32 86 38 35 40 28 17 10
87 53 44 16 27 90 66 54
83 63 55 48 47 61 86 23
86 40 52 59 77 47 13 68
99 32 83 58 48 13 83 14
68 57 32 32 59 54 11 27

37 43 94 17 19 75 64 13 28
29 44 26 15 62 47 59 94 12
74 59 16 33 25 80 51 15 60
29 30 69 38 14 62 25 87 75
76 83 19 82 31 43 85 41 68
78 18 54 84 59 29 16 75 55
51 33 74 89 47 50 89 74 49
91 81 85 67 40 86 31 81 37
62 37 61 18 92 26 63 41 22

24 71 26 18 94 61 83 66 59
58 72 85 79 76 28 96 87 87
96 84 17 27 21 39 57 19 91
18 91 16 94 16 79 58 56 89
50 64 57 34 50 16 24 64 69
87 91 57 51 80 47 96 64 78
95 38 54 59 23 70 89 33 30
91 83 97 30 49 44 83 56 73
83 75 94 35 75 57 87 29 41

83 17 80 95 85 18 23 38 70
69 67 75 21 96 15 82 28 34
53 15 63 98 35 25 90 37 16
63 75 18 42 26 50 58 53 54
67 29 88 62 74 37 25 54 64
61 57 11 88 73 62 44 84 72
85 87 13 60 75 99 26 67 22
88 61 52 15 86 26 20 94 61
63 98 91 17 96 59 26 66 23

16 97 39 66 34 63 71 91 84
32 67 19 35 24 28 85 91 34
57 74 62 87 78 79 25 49 14
47 83 20 24 32 52 76 73 33
90 86 39 35 24 24 71 13 72
11 19 21 75 31 19 61 19 27
28 78 29 90 51 60 98 25 47
46 71 61 25 50 43 76 30 10
74 54 70 24 11 73 38 62 38

33 70 19 83 68 12 62 12 71
79 62 32 81 43 17 49 12 39
32 87 48 79 19 40 73 40 40
30 66 39 66 17 76 52 33 39
98 60 84 60 22 62 40 81 26
38 54 92 48 96 67 20 58 26
17 29 29 73 41 71 20 11 51
82 57 15 41 86 10 88 36 67
61 21 73 73 19 51 28 35 23

27 92 96 91 97 88 41 25 36 87
90 75 54 26 88 39 93 56 39 40
63 78 94 16 50 97 33 72 34 39
12 87 50 16 16 64 45 31 58 58
45 62 58 53 13 61 18 75 82 30
14 74 27 57 57 52 31 97 29 16
20 65 18 92 99 10 61 26 37 85
99 76 57 77 90 42 49 88 34 50
79 26 72 89 72 61 18 52 23 12
29 61 24 58 70 98 55 79 95 10

74 59 93 17 32 12 73 64 63 42
45 80 40 74 66 78 89 35 95 34
39 31 95 85 25 93 99 79 64 85
76 72 66 99 21 32 35 35 76 95
96 23 27 85 28 89 53 76 80 41
62 91 97 36 43 81 49 53 59 62
29 97 29 11 82 58 98 89 70 81
68 74 38 56 89 62 86 26 72 75
89 59 34 62 47 91 96 90 41 91
47 37 14 53 81 61 44 88 82 43

58 28 88 51 83 63 16 62 44 37
54 21 43 14 98 39 73 24 35 28
77 83 31 27 34 57 41 15 88 87
36 51 71 24 56 76 33 44 30 87
74 88 97 69 44 80 27 45 97 57
24 61 33 64 59 99 83 40 52 58
89 88 64 22 21 14 94 98 70 72
67 12 53 80 44 92 93 50 63 48
31 70 41 11 92 81 16 64 42 68
34 61 86 83 64 27 99 71 57 43

89 36 96 19 18 39 32 24 47 71
36 65 57 34 98 25 93 96 83 63
50 81 65 21 14 27 11 36 30 96
30 70 81 12 20 99 65 88 73 39
74 77 21 10 35 72 59 66 99 63
98 46 83 15 89 99 65 87 31 96
76 97 38 74 82 40 78 96 80 88
91 91 38 32 55 83 86 61 67 55
74 96 42 54 18 69 30 70 12 50
97 12 69 19 16 92 50 47 17 11

96 40 47 18 48 54 27 67 11 60
21 70 66 16 34 84 78 18 77 27
34 57 80 97 56 68 51 56 59 62
85 57 63 86 59 49 49 81 10 82
18 51 43 34 90 22 44 32 29 54
63 35 31 37 36 42 37 96 47 14
50 48 43 77 26 22 50 77 27 63
79 11 41 85 30 61 10 74 91 56
42 21 62 34 89 70 25 79 92 73
71 56 51 81 75 56 64 30 75 88

47 64 98 44 40 33 17 39 23 78 45
55 31 69 96 20 35 12 36 36 63 58
77 41 65 26 71 88 97 17 21 50 65
89 54 32 98 52 14 30 93 62 86 34
76 70 22 15 86 60 62 91 25 46 97
15 99 51 39 84 49 98 94 86 68 85
75 67 13 69 41 61 71 53 47 59 60
96 75 97 94 95 38 99 44 44 73 20
77 54 32 18 97 27 75 92 82 95 96
56 45 62 60 47 86 42 27 86 26 10
33 55 86 17 13 59 96 44 95 62 72

91 86 29 61 64 82 37 90 24 61 51
43 84 37 85 90 55 90 25 60 33 15
27 89 33 32 60 32 19 45 79 42 68
63 18 93 92 92 25 90 47 39 96 49
22 70 88 23 57 65 92 82 73 59 50
17 67 12 67 31 30 43 32 10 24 31
98 95 84 44 68 70 72 46 80 19 81
23 48 19 81 76 67 12 45 55 68 77
25 65 30 94 88 50 86 80 10 30 58
66 24 73 21 26 12 46 42 70 34 78
43 53 67 60 69 15 68 70 34 30 81

45 72 32 19 23 53 37 40 26 89 39
93 51 14 38 31 85 45 76 54 99 20
36 93 38 80 34 59 69 13 16 66 61
69 30 34 98 82 11 57 68 87 28 92
72 15 63 64 82 40 83 85 48 49 33
37 27 10 85 98 70 85 52 25 34 15
15 17 71 25 89 91 72 97 54 35 71
71 31 69 85 63 67 81 25 49 75 26
17 95 67 27 29 67 90 82 92 13 20
77 53 38 55 44 34 95 44 37 60 55
23 33 50 75 63 16 75 74 78 27 16

95 82 12 56 73 76 34 88 76 27 71
99 53 23 63 98 37 84 31 94 62 24
56 51 20 79 34 30 76 86 98 32 58
31 62 29 71 24 12 58 96 88 13 30
38 75 11 28 24 36 48 43 75 85 56
35 21 80 20 56 68 89 91 96 81 97
31 88 80 48 11 52 69 69 77 46 41
52 82 22 88 43 97 62 92 83 46 69
89 56 30 34 85 11 26 31 60 99 44
36 80 83 58 97 64 75 44 10 65 20
79 27 65 42 91 89 64 44 94 67 79

70 18 15 70 19 16 87 81 97 11 32
44 18 27 75 46 29 20 34 27 16 17
37 34 20 75 18 50 21 25 44 59 86
63 17 33 45 51 99 35 78 68 91 65
76 93 48 16 19 51 81 54 53 61 90
68 62 67 90 95 17 71 21 10 64 13
14 61 54 14 56 19 57 93 56 31 94
58 55 32 56 90 23 92 16 50 40 16
46 76 23 61 76 31 18 47 89 16 86
48 42 12 40 20 28 60 56 68 39 60
22 73 27 78 80 82 99 61 15 31 47

10 66 59 23 58 65 71 14 40 63 16 35
43 38 43 22 92 65 54 55 95 66 26 79
92 49 91 52 84 24 24 56 16 38 49 74
85 67 33 81 26 11 78 61 54 24 31 37
21 62 74 38 73 72 77 36 51 41 23 47
66 63 22 29 22 25 10 77 37 73 74 56
22 83 53 69 34 44 66 58 10 66 75 68
78 99 15 16 39 99 16 91 97 18 96 33
90 79 89 32 57 78 76 54 85 48 90 70
69 23 60 89 73 10 60 85 22 97 97 72
36 27 66 83 37 15 11 95 28 19 90 78
15 70 24 63 43 80 35 55 98 29 14 25

86 39 24 38 18 66 22 62 21 30 90 49
87 15 18 47 43 57 42 30 37 96 44 64
74 64 12 65 50 42 60 81 20 72 26 91
18 39 44 64 70 61 10 43 12 54 40 25
80 73 29 41 66 43 60 27 52 18 11 33
99 21 73 23 76 82 49 80 21 31 89 47
23 43 65 31 89 99 67 61 76 61 98 99
51 34 67 11 50 82 15 58 94 87 30 20
92 35 41 44 55 96 97 99 56 18 64 87
38 70 95 40 76 15 85 52 88 94 32 59
96 38 68 12 36 50 71 44 70 97 26 66
22 33 67 21 40 37 50 12 70 39 96 58

43 48 88 12 19 80 47 78 11 57 52 15
18 15 72 50 68 45 88 96 55 44 28 94
15 20 44 90 29 64 62 97 11 14 32 58
59 16 49 69 14 71 16 10 72 94 26 89
13 13 92 18 20 92 60 15 30 54 69 75
74 33 74 53 66 76 72 66 11 92 36 39
96 76 41 24 11 64 60 25 52 90 63 32
17 98 63 20 64 43 51 19 59 69 20 95
93 53 87 35 33 83 86 37 65 47 60 73
41 22 82 79 45 50 35 56 16 63 39 30
74 25 89 38 11 33 79 17 78 69 63 17
60 15 39 69 40 93 98 76 48 17 62 32

61 90 93 49 38 32 86 85 22 51 49 80
24 89 36 39 16 66 21 31 83 54 77 38
92 21 97 30 47 91 95 42 49 35 90 84
93 61 55 92 15 13 66 68 52 66 27 21
40 32 94 62 86 73 52 68 16 78 84 23
28 13 26 24 14 36 63 39 74 73 69 16
85 45 68 18 89 25 40 67 42 66 52 36
79 30 99 17 27 61 55 49 56 25 55 85
37 31 72 14 81 54 23 89 58 38 94 23
40 90 29 45 18 83 84 79 52 47 50 39
88 48 51 12 67 96 78 20 37 68 66 10
40 46 67 36 46 92 97 62 47 54 78 11

70 33 66 33 65 26 35 38 81 26 27 11
95 56 53 64 22 52 92 19 78 11 10 97
13 97 14 23 43 81 26 65 97 82 78 89
38 79 57 24 18 72 58 22 78 40 38 79
51 42 88 90 39 32 69 50 62 19 49 60
21 82 18 85 22 75 24 46 58 65 95 36
71 24 20 69 13 35 27 76 54 16 20 84
83 27 93 95 98 61 42 12 71 42 28 10
27 55 44 31 61 16 24 13 61 29 72 61
71 36 84 41 35 51 74 90 63 29 77 58
31 58 20 91 24 35 62 87 38 71 99 86
54 11 43 16 52 37 92 38 29 69 29 53

12 15 78 48 66 21 51 46 89 47 34 49 82
11 32 35 18 10 51 27 74 73 70 12 11 56
57 42 40 36 21 24 25 12 96 12 61 18 11
97 60 51 52 48 46 23 24 25 58 32 41 30
55 75 56 19 79 78 77 55 31 31 52 89 82
62 49 11 77 41 53 84 41 49 70 19 95 16
63 45 67 59 77 76 68 39 13 37 67 75 87
81 89 83 32 98 76 94 72 54 55 54 89 51
44 82 85 56 39 82 68 62 26 86 14 43 77
12 12 42 47 69 41 81 33 71 38 34 50 19
94 67 52 66 72 72 18 44 40 18 77 51 63
18 23 31 98 99 29 77 52 59 27 54 21 62
67 39 23 82 13 99 68 47 84 92 10 66 46

26 48 89 46 68 48 73 52 18 35 74 84 28
61 40 70 85 67 27 23 65 50 48 88 63 79
67 78 98 80 57 37 32 70 27 32 83 44 31
68 68 26 91 46 45 19 34 40 51 25 60 18
22 12 43 41 19 16 24 55 35 51 62 30 55
68 74 22 27 81 41 26 97 90 58 87 16 91
12 64 71 66 65 73 88 14 21 57 61 51 44
11 16 31 13 89 90 39 87 13 31 16 20 56
64 84 10 34 59 43 94 81 69 17 87 20 31
31 80 63 13 25 75 72 72 99 62 19 31 30
44 92 43 17 72 17 58 23 51 41 31 91 98
91 99 20 80 17 62 10 57 49 49 60 15 77
28 85 97 58 33 97 17 52 45 80 61 42 40

52 75 59 40 40 41 23 42 81 73 95 71 77
93 24 16 83 24 55 78 34 64 48 92 31 21
12 64 12 18 29 36 34 15 96 45 97 72 32
67 24 51 88 41 59 37 22 96 35 92 20 57
88 93 44 86 25 93 83 41 95 41 11 45 40
87 28 71 10 14 72 73 66 37 62 48 26 16
14 96 91 34 68 43 79 29 21 24 72 80 77
35 59 15 22 19 93 62 92 18 75 69 49 31
10 80 92 10 38 49 76 74 79 53 28 91 49
23 42 55 21 31 92 89 76 44 69 36 58 98
33 10 46 89 61 67 24 30 17 55 79 55 15
92 85 49 99 74 17 21 55 23 66 43 77 65
85 89 43 68 98 71 64 54 74 99 75 90 39

42 10 19 71 73 93 50 21 64 92 94 88 44
11 88 25 98 12 62 59 55 60 21 40 37 89
79 41 45 15 97 70 85 34 34 87 28 70 88
98 25 92 23 36 65 71 26 85 89 82 74 50
60 37 31 74 39 79 70 96 49 82 30 35 51
40 14 27 88 41 41 85 26 51 17 41 34 56
22 33 65 70 61 62 34 67 62 80 19 77 55
88 39 72 51 56 67 67 49 41 67 46 23 42
11 55 22 69 88 87 61 75 87 58 89 56 14
17 86 60 32 13 16 65 41 69 27 36 45 33
44 17 51 62 68 44 58 77 24 98 46 71 77
80 60 92 57 28 53 35 97 39 95 59 77 34
54 62 75 28 88 71 59 26 16 90 51 49 27

91 28 52 66 66 65 72 99 98 43 54 55 97
13 78 64 27 88 63 81 89 26 45 63 82 94
97 87 42 82 20 20 36 66 27 76 89 30 22
12 98 28 10 98 22 28 71 46 71 74 47 80
76 26 62 39 72 33 15 85 78 68 28 36 62
84 54 39 28 11 73 97 35 23 12 69 52 68
74 69 89 60 29 19 63 68 17 20 32 10 28
84 48 23 45 65 95 41 53 93 56 96 49 19
73 15 98 63 84 27 10 17 42 12 80 27 29
64 90 89 77 84 42 31 85 30 18 64 62 28
71 34 73 55 31 82 88 32 66 95 73 20 21
65 52 80 65 54 79 90 77 12 99 53 50 91
86 15 12 84 12 97 70 37 39 92 17 17 88

32 92 36 69 61 36 26 57 86 33 16 64 35 27
87 90 73 68 40 82 30 67 66 41 31 22 51 60
65 54 33 29 36 78 81 18 39 91 50 47 19 47
24 80 72 79 40 97 47 65 13 91 70 77 65 75
91 75 66 99 49 55 43 74 19 65 72 80 46 34
39 61 96 50 89 62 84 16 84 49 71 34 24 68
98 51 18 95 83 45 18 95 53 20 16 75 29 40
71 54 34 20 68 86 78 27 14 70 56 18 37 14
80 59 67 80 72 16 79 24 31 89 62 61 84 24
31 72 66 98 10 97 93 51 43 61 54 28 93 57
86 12 17 99 83 18 29 11 83 46 20 15 88 41
17 74 60 12 89 59 73 97 86 58 10 70 78 37
84 89 79 56 86 64 87 88 83 85 11 97 64 22
29 43 10 50 99 61 91 11 55 47 68 88 86 74

13 49 37 68 39 15 58 50 69 52 79 33 97 34
17 94 30 65 44 63 66 55 66 48 61 80 89 99
31 16 68 64 64 66 49 99 73 70 63 38 37 93
41 67 41 61 72 85 29 89 18 21 96 98 19 20
62 82 87 66 40 23 81 40 80 91 34 42 81 83
57 10 50 67 57 91 14 68 89 66 19 21 22 51
47 98 23 72 46 57 82 40 76 95 88 58 57 63
50 51 20 70 61 54 75 37 36 49 69 95 47 70
67 92 33 67 84 58 88 33 54 86 89 65 25 19
87 97 57 28 59 87 52 51 11 71 63 49 41 97
81 15 17 81 52 97 43 10 86 68 33 53 37 38
23 29 10 59 60 53 96 39 79 36 24 72 95 18
42 57 74 96 51 39 71 55 28 89 40 63 23 58
54 33 94 37 88 40 24 88 15 13 94 58 39 67

76 36 94 83 52 17 46 39 12 15 46 23 99 88
90 24 41 26 22 16 32 88 58 69 85 63 49 15
33 77 85 79 92 85 48 60 47 27 85 70 55 40
21 35 43 61 42 17 68 23 56 65 94 79 81 61
96 65 27 26 59 16 80 65 67 75 95 35 10 79
66 85 18 28 32 89 99 26 89 71 17 75 85 38
53 60 14 52 74 99 85 71 17 89 16 53 67 26
83 42 95 81 14 89 92 57 36 79 22 22 89 23
97 76 62 61 13 97 83 22 86 49 71 65 42 56
99 12 66 10 98 64 71 94 90 51 84 77 56 69
72 10 84 80 64 39 41 18 50 85 93 14 32 58
66 13 51 49 69 74 21 55 34 60 20 68 58 32
52 64 21 63 20 92 16 46 65 77 11 98 68 55
29 82 61 59 59 71 98 59 48 20 24 25 38 44

16 86 17 51 43 30 47 58 39 60 17 69 68 59
35 33 20 11 32 10 28 43 46 44 51 52 65 79
76 27 59 15 31 51 40 42 16 92 75 45 68 80
91 53 16 37 79 58 49 41 31 76 41 79 10 57
87 41 20 87 18 67 24 49 47 76 10 50 91 65
18 31 40 85 19 13 72 67 72 63 98 26 86 46
71 47 12 49 98 48 69 96 38 38 58 88 76 49
33 52 81 75 86 58 23 99 95 46 26 88 80 52
67 28 84 58 76 96 16 56 57 66 71 33 94 71
23 95 83 18 16 73 20 95 19 54 99 24 24 97
97 86 53 53 67 40 42 25 43 99 35 13 83 95
84 79 95 61 74 27 41 99 37 58 96 10 13 41
54 15 65 84 62 23 20 44 83 33 91 80 94 88
64 99 31 50 68 45 86 38 14 46 57 62 79 41

60 32 88 46 76 14 67 30 93 74 49 80 20 31
23 55 94 96 61 18 62 73 26 91 27 42 89 19
30 24 70 94 11 61 47 59 81 87 31 78 53 67
16 19 13 67 24 88 86 52 58 36 21 63 93 77
78 84 52 28 42 83 97 10 24 64 83 74 66 44
57 28 32 42 51 28 20 95 93 44 93 74 99 61
38 69 28 53 65 27 75 75 24 69 54 34 84 82
60 55 56 29 53 85 48 77 99 11 72 50 29 80
91 30 33 33 91 78 36 41 48 69 36 61 89 55
93 97 71 61 50 14 69 41 54 56 28 47 74 20
72 74 34 40 43 96 37 54 84 44 65 52 47 90
76 97 81 94 95 87 29 57 44 11 76 27 40 40
63 11 73 11 22 84 88 67 38 20 59 70 88 85
60 69 18 80 13 69 95 44 82 66 21 34 20 91

